1 2 3 4 5 6 7 8 9 10 11 12 13 14 15 16 17 18 19 20 21 22 23 24 25 26 27 28 29 30 31 ;
2 18 32 13 16 10 24 33 34 22 1 35 3 9 20 36 7 6 8 37 11 4 38 19 ;
3 39 21 40 13 2 1 7 8 34 28 23 41 42 43 9 11 4 18 19 44 16 45 46 6 20 27 22 47 48 49 50 12 51 52 53 54 55 56 ;
4 57 58 59 1 60 46 61 3 62 63 64 65 66 67 11 68 69 70 71 2 22 72 ;
5 1 6 73 74 13 75 76 77 78 79 ;
6 1 5 2 7 28 13 34 80 81 16 18 82 27 83 8 3 84 85 86 87 22 ;
7 6 1 88 3 89 22 19 90 16 91 92 2 93 94 28 13 95 96 97 98 99 100 10 76 15 9 ;
8 101 3 22 6 102 28 2 1 ;
9 3 22 103 13 104 41 24 2 1 21 105 16 106 107 10 30 7 ;
10 1 108 2 7 109 9 34 110 111 112 16 113 24 70 114 115 116 30 117 118 119 120 121 122 123 124 125 126 127 128 129 130 ;
11 1 131 73 45 132 3 133 134 135 22 136 20 19 18 137 4 138 27 2 25 ;
12 139 140 1 141 142 84 143 144 145 146 3 147 148 149 150 151 152 153 ;
13 9 2 154 1 155 6 156 3 24 157 28 22 158 16 18 159 14 69 45 106 76 7 153 5 160 ;
14 1 13 15 161 162 163 164 123 33 24 165 166 34 167 124 168 110 169 170 171 172 173 174 80 136 112 175 176 107 177 178 179 16 180 181 182 ;
15 76 183 184 185 186 187 124 33 188 189 190 168 14 34 1 191 93 23 7 ;
16 192 1 2 7 6 3 9 13 108 24 10 193 123 194 195 34 196 197 198 199 30 127 200 77 105 201 202 203 204 205 206 207 208 209 210 33 211 212 213 214 215 216 56 217 14 218 219 220 129 221 222 ;
17 1 115 24 34 223 224 225 ;
18 25 39 26 226 23 2 38 1 227 21 3 11 6 27 13 19 22 228 ;
19 229 230 38 231 20 27 7 70 1 137 11 232 186 120 82 233 234 235 18 236 2 237 238 3 239 240 41 86 ;
20 233 1 228 81 50 241 41 242 11 106 243 43 244 19 3 2 22 ;
21 245 9 246 40 25 46 41 3 54 247 248 47 249 18 250 251 223 252 253 1 23 50 254 105 255 210 214 206 55 157 256 107 91 239 257 258 259 59 260 39 103 104 261 ;
22 6 3 27 1 2 18 9 13 4 38 7 8 32 11 20 ;
23 3 262 18 263 240 264 38 265 266 227 54 182 134 135 25 43 246 45 1 267 268 39 143 269 270 271 21 272 46 44 42 273 80 196 255 274 275 276 50 277 278 279 97 280 203 230 281 15 282 283 284 ;
24 108 9 285 13 2 1 109 286 17 182 10 34 176 287 288 263 289 115 290 167 14 70 16 291 119 292 124 58 30 168 33 116 293 294 174 295 110 120 121 296 297 112 ;
25 18 26 227 21 23 39 11 1 287 265 298 299 300 301 62 302 126 60 303 238 ;
26 18 25 1 ;
27 95 19 238 304 235 70 186 232 230 3 18 11 38 1 305 86 6 275 22 306 307 ;
28 6 34 3 233 182 13 7 8 308 309 1 280 ;
29 310 311 312 313 314 147 315 316 1 ;
30 1 9 317 318 319 320 321 322 323 324 49 325 16 326 178 24 10 34 196 327 328 218 200 211 194 201 ;
31 329 45 330 259 251 104 331 202 157 332 333 334 54 335 336 245 337 338 339 340 241 1 ;
32 22 341 2 ;
33 15 2 14 34 24 16 120 169 ;
34 308 3 6 108 28 2 15 342 16 10 24 343 33 30 14 182 55 70 17 ;
35 2 ;
36 2 ;
37 2 ;
38 19 344 345 51 18 270 237 231 233 346 347 275 23 348 241 254 27 349 350 351 22 352 2 330 353 ;
39 21 354 46 25 227 52 105 18 250 313 42 245 240 246 43 3 355 23 356 357 314 332 358 107 41 45 265 50 ;
40 359 54 55 336 21 268 354 293 360 46 361 56 362 363 364 49 3 47 42 365 355 105 157 58 203 366 367 ;
41 354 353 21 87 368 245 262 260 358 9 134 270 54 369 250 370 371 210 194 50 3 372 135 246 332 103 20 51 373 62 48 46 374 106 94 375 238 376 377 334 247 378 379 355 19 47 39 191 235 ;
42 303 380 381 105 382 372 271 3 383 384 385 386 387 356 388 39 389 50 390 391 314 392 104 245 333 393 332 44 394 378 395 396 40 397 337 355 398 354 45 134 335 157 399 400 338 401 84 402 23 403 404 ;
43 3 269 46 405 20 282 39 23 230 240 ;
44 341 406 407 408 332 409 410 386 42 411 412 3 135 52 383 413 23 414 ;
45 11 415 399 73 31 333 416 355 417 418 39 251 3 419 23 227 42 420 421 13 50 422 54 191 423 362 424 349 425 133 259 ;
46 4 59 399 43 21 72 62 40 58 39 3 426 354 64 57 373 71 414 41 69 81 66 427 282 428 429 68 23 351 241 430 246 431 52 432 48 ;
47 433 21 40 337 3 41 104 ;
48 296 41 3 332 434 367 46 ;
49 54 76 185 269 344 3 241 92 303 40 328 206 435 55 293 436 105 116 390 437 128 361 79 201 274 317 321 327 30 438 439 213 202 440 325 322 441 56 442 363 ;
50 259 368 52 228 20 81 241 354 443 444 191 245 42 324 367 338 21 271 41 3 39 314 45 404 333 23 ;
51 38 445 446 105 56 447 354 353 54 448 449 368 41 278 366 3 450 338 257 451 340 269 ;
52 39 452 453 228 241 81 351 269 182 128 50 454 333 133 365 340 254 44 455 456 146 457 362 367 458 157 335 248 135 46 3 316 459 402 287 460 413 461 ;
53 72 3 ;
54 187 124 87 183 40 354 189 268 454 346 21 76 49 41 329 331 185 462 23 51 378 463 333 464 316 465 31 3 191 466 467 45 ;
55 40 3 21 468 360 34 105 259 317 49 469 324 201 56 128 ;
56 51 470 335 251 392 332 40 471 3 360 364 327 472 289 207 202 196 473 212 213 390 55 293 49 201 128 16 194 437 105 133 474 210 77 214 ;
57 62 4 58 475 65 476 477 478 479 480 59 46 282 69 426 72 481 64 66 373 482 483 484 485 420 486 231 487 ;
58 57 4 72 46 59 64 66 69 488 62 426 282 373 192 286 40 351 393 489 67 490 491 255 439 492 493 24 206 494 124 107 495 112 ;
59 46 64 66 71 69 282 57 62 426 72 58 430 496 497 4 498 256 21 499 ;
60 485 25 4 ;
61 470 64 4 244 500 68 132 501 485 502 ;
62 57 503 63 46 58 64 504 59 4 373 341 505 371 140 185 145 267 150 203 72 71 41 66 25 476 67 ;
63 427 4 62 506 507 508 150 71 509 476 ;
64 485 62 65 59 68 46 90 61 506 282 4 510 69 57 72 58 483 ;
65 57 64 483 68 485 282 510 430 90 477 475 4 511 512 513 476 481 514 ;
66 316 515 368 4 69 71 282 57 62 426 72 59 58 46 ;
67 430 516 485 286 4 282 62 238 58 490 491 517 518 519 ;
68 470 500 485 65 510 430 90 64 282 520 61 511 46 69 4 373 ;
69 444 506 59 13 521 522 523 524 525 64 66 46 57 426 72 58 68 4 526 527 432 509 90 528 362 466 349 219 529 500 ;
70 530 19 4 233 27 108 239 444 330 82 531 117 280 24 10 169 355 182 492 532 495 170 34 ;
71 508 46 63 233 59 4 427 66 429 134 62 533 511 ;
72 534 53 58 59 46 426 535 536 62 537 4 369 507 285 538 69 500 539 511 540 282 57 339 455 353 396 541 66 373 542 268 351 140 423 64 510 356 ;
73 45 420 11 376 543 133 5 544 467 270 447 528 260 545 546 89 378 413 422 547 548 ;
74 233 134 254 5 549 466 504 550 287 551 552 194 206 196 128 505 553 186 101 554 555 ;
75 556 557 354 558 152 559 468 560 5 267 148 561 ;
76 183 15 187 185 553 84 562 189 396 267 147 117 105 316 54 269 49 563 564 565 566 190 567 568 467 150 466 462 233 186 569 124 341 570 80 119 571 5 572 13 573 7 352 ;
77 420 147 5 574 16 323 56 196 ;
78 333 183 113 181 176 162 197 5 161 575 120 121 ;
79 576 128 49 133 136 322 201 5 336 105 400 577 ;
80 184 578 269 6 579 580 76 581 582 23 116 85 401 400 577 105 176 583 127 274 584 194 361 120 14 161 ;
81 228 134 585 50 52 6 452 241 586 155 46 587 333 20 454 460 554 588 308 260 94 243 405 204 ;
82 234 306 233 70 180 19 6 269 237 94 405 182 381 275 176 113 301 520 589 460 277 201 588 ;
83 590 388 6 239 143 243 ;
84 76 354 141 143 332 12 146 591 6 150 140 573 42 153 152 ;
85 398 592 6 593 80 212 128 219 594 198 595 215 193 291 328 222 205 401 130 327 518 596 ;
86 429 597 598 378 233 95 27 454 6 19 94 ;
87 54 183 134 567 6 41 ;
88 7 92 599 204 219 600 518 601 193 594 198 259 ;
89 454 464 93 602 7 603 604 73 ;
90 7 427 68 485 282 65 510 430 605 606 607 64 507 608 396 426 69 604 609 610 285 603 ;
91 611 256 233 7 612 269 613 369 614 615 444 21 ;
92 49 616 7 617 618 201 284 619 157 88 620 574 259 ;
93 621 454 602 89 7 189 603 15 622 623 624 625 465 626 627 191 628 118 629 ;
94 630 99 81 266 631 376 632 231 7 351 457 137 41 606 633 233 568 237 131 598 597 86 82 241 ;
95 27 454 86 7 632 ;
96 376 7 612 100 634 610 457 ;
97 7 23 ;
98 635 598 636 7 627 ;
99 94 135 602 7 189 ;
100 7 598 96 ;
101 8 265 196 271 637 582 404 132 468 638 74 128 554 ;
102 339 8 370 ;
103 639 41 246 21 614 9 ;
104 154 42 31 333 9 21 135 501 404 128 47 201 218 640 327 105 ;
105 42 51 76 40 21 9 333 39 545 335 183 331 420 578 414 236 468 378 227 274 439 400 390 210 446 641 200 214 204 16 196 80 206 128 642 643 644 596 645 646 198 647 284 129 55 49 203 259 116 648 104 213 291 205 56 218 649 650 651 503 251 321 79 202 361 201 472 217 437 216 307 ;
106 538 588 425 9 13 652 653 452 654 655 656 268 415 657 458 658 134 137 41 358 20 659 339 660 661 662 663 664 391 467 665 ;
107 9 666 667 252 39 21 182 128 200 206 263 196 58 668 217 14 ;
108 34 120 10 296 24 70 16 ;
109 24 10 ;
110 117 532 569 14 119 10 669 182 24 124 ;
111 10 ;
112 333 271 179 10 24 670 165 280 671 163 120 168 355 114 14 170 181 58 167 ;
113 134 82 672 176 10 181 78 124 162 168 532 120 163 ;
114 10 669 569 117 179 112 ;
115 454 673 10 24 17 224 668 225 287 255 674 367 675 ;
116 470 676 677 344 678 269 468 105 593 127 128 274 80 648 446 305 390 205 679 439 194 49 215 10 24 213 435 642 206 210 214 307 201 289 680 681 204 198 ;
117 76 135 185 124 70 569 119 110 167 10 682 133 161 114 532 120 ;
118 683 517 93 441 629 10 205 684 469 ;
119 76 124 169 10 24 669 117 110 569 ;
120 233 108 19 332 685 80 117 569 532 166 178 168 165 10 24 182 669 174 176 169 170 161 112 172 163 78 179 181 563 113 33 297 ;
121 178 163 169 78 563 166 174 165 172 168 24 10 ;
122 429 545 686 331 329 543 252 687 688 290 355 689 10 287 ;
123 14 16 10 ;
124 54 76 183 15 176 117 119 555 113 14 10 24 690 569 110 58 691 ;
125 692 137 429 329 367 287 182 10 255 693 694 ;
126 25 684 10 ;
127 647 116 274 594 695 16 696 10 80 208 446 219 649 648 199 ;
128 52 303 137 429 74 231 243 101 206 321 107 79 49 194 325 293 324 105 680 217 439 182 116 435 274 196 85 56 104 55 305 207 10 289 201 697 ;
129 641 200 105 643 16 10 317 ;
130 468 672 698 194 10 327 401 205 699 437 85 ;
131 11 135 611 134 297 700 701 585 330 155 536 702 460 703 234 614 94 481 137 704 677 ;
132 244 313 470 61 547 101 501 11 638 617 331 259 ;
133 73 11 475 565 134 282 52 234 213 45 79 117 446 56 ;
134 585 106 87 131 135 155 227 74 81 338 481 705 41 706 691 586 23 351 663 368 377 133 240 448 140 418 314 707 113 372 607 11 71 42 708 445 487 709 254 ;
135 196 394 524 11 606 131 710 387 711 311 23 41 52 44 340 598 586 117 568 431 134 712 504 397 545 467 713 714 457 148 367 480 693 184 155 715 227 332 99 104 ;
136 612 565 11 302 716 576 717 718 313 533 213 79 682 14 ;
137 711 662 452 238 243 269 128 182 94 19 585 138 554 239 376 454 588 413 125 321 214 11 362 230 443 520 420 233 459 332 106 131 ;
138 137 230 240 11 ;
139 147 12 146 ;
140 147 148 142 150 12 146 84 299 267 354 504 143 300 349 719 72 152 332 329 649 396 720 573 721 505 145 149 722 314 312 313 62 333 134 ;
141 354 84 12 723 719 142 146 152 ;
142 143 354 152 140 12 723 649 591 404 141 147 148 150 146 724 443 313 504 355 332 578 ;
143 723 140 147 142 239 12 146 725 84 726 633 504 332 413 727 396 591 381 728 23 729 730 590 411 299 83 410 276 731 ;
144 559 732 387 733 12 734 364 556 ;
145 371 416 331 735 146 736 267 62 241 573 185 12 237 354 150 372 140 152 ;
146 142 371 573 140 139 147 145 354 150 84 332 185 737 141 148 505 12 149 362 316 143 239 52 428 229 152 ;
147 152 139 140 76 314 29 183 150 146 738 239 573 507 739 143 142 354 77 12 720 396 ;
148 140 206 573 364 142 146 135 719 12 378 75 152 ;
149 267 721 737 371 573 140 185 505 150 12 146 152 692 ;
150 152 354 146 63 76 573 241 540 147 140 142 12 84 183 62 149 243 404 145 578 ;
151 241 12 ;
152 149 142 147 150 739 267 371 735 559 300 557 146 243 737 75 573 140 740 141 741 148 185 145 723 12 742 84 ;
153 396 743 13 744 412 745 746 747 356 590 748 591 84 12 ;
154 13 104 218 ;
155 377 237 135 677 13 362 445 346 131 415 586 344 134 418 585 375 378 81 ;
156 269 687 13 702 662 268 ;
157 335 741 31 40 246 92 332 333 42 52 21 749 13 ;
158 750 751 661 752 391 753 395 13 754 183 755 649 ;
159 756 434 13 ;
160 757 758 759 13 ;
161 190 120 183 185 14 584 78 117 80 ;
162 78 584 14 113 176 196 327 197 401 699 297 198 ;
163 633 351 760 489 14 121 322 120 112 113 ;
164 271 173 167 14 168 322 165 ;
165 239 172 174 14 167 120 121 164 112 563 166 168 297 ;
166 182 492 165 168 361 178 14 120 121 ;
167 237 24 117 165 14 532 164 112 ;
168 15 237 166 165 164 563 322 14 691 113 532 112 24 120 121 ;
169 119 70 14 120 121 33 ;
170 14 70 112 490 120 ;
171 501 14 584 ;
172 297 165 563 14 120 121 ;
173 164 14 ;
174 165 14 120 121 24 ;
175 14 ;
176 82 390 584 24 124 162 113 181 80 220 197 196 761 182 78 14 198 120 327 ;
177 584 182 14 ;
178 244 120 121 30 166 14 ;
179 112 120 280 669 14 114 ;
180 82 14 ;
181 344 549 314 78 113 176 197 112 120 14 ;
182 137 231 28 234 82 241 237 52 23 24 277 762 532 34 296 125 120 563 70 176 128 287 177 166 763 292 107 110 14 ;
183 567 187 54 764 700 625 384 359 147 189 393 381 715 341 150 724 726 78 367 191 76 551 15 765 566 602 604 158 105 161 766 190 87 124 185 ;
184 15 185 269 80 572 189 191 579 135 206 ;
185 184 371 559 145 300 742 416 573 15 146 49 76 329 354 54 364 183 62 389 736 767 569 117 331 578 267 149 152 190 161 ;
186 580 603 27 549 76 19 711 15 74 768 429 639 638 414 ;
187 466 183 15 54 76 567 766 396 589 ;
188 769 660 455 588 770 654 467 771 562 772 15 663 578 ;
189 454 76 54 191 773 464 93 184 183 623 602 622 578 774 15 99 ;
190 15 185 161 567 566 573 183 76 ;
191 184 189 454 464 183 316 15 45 54 622 50 93 41 ;
192 698 775 16 776 248 503 446 206 58 288 224 323 ;
193 363 328 361 592 222 215 594 401 196 775 16 518 88 600 601 599 212 446 219 204 85 ;
194 41 705 74 196 210 293 128 16 116 130 263 649 325 439 361 390 56 317 204 80 30 400 777 ;
195 16 694 778 255 675 489 671 ;
196 269 333 101 135 74 237 23 678 599 220 779 274 194 30 201 77 390 176 197 204 780 263 16 317 473 56 289 472 212 327 207 128 691 777 439 214 781 107 446 361 210 364 162 105 695 218 193 ;
197 196 204 16 327 782 78 220 176 390 181 289 162 780 212 ;
198 775 512 85 222 205 105 215 629 327 207 401 584 162 647 441 212 16 594 204 695 176 206 116 783 88 780 698 219 642 ;
199 784 785 289 687 725 286 16 363 786 215 221 780 216 649 218 127 ;
200 105 219 641 645 596 129 646 642 787 643 271 647 545 470 333 16 692 788 107 617 284 259 30 205 ;
201 258 335 92 82 233 650 202 56 49 16 104 79 206 361 105 438 116 291 274 196 293 218 55 325 474 336 128 30 ;
202 258 335 251 399 348 31 586 201 56 16 214 49 105 321 474 ;
203 291 503 371 105 416 573 16 332 263 789 40 62 206 23 323 ;
204 233 272 335 378 81 390 196 217 790 198 105 293 205 361 197 251 211 210 438 193 209 274 16 207 88 594 791 216 263 194 213 291 218 446 116 503 214 328 472 ;
205 401 446 217 212 219 116 208 594 648 792 198 130 85 222 204 211 16 336 783 118 390 216 207 289 291 210 698 274 105 215 200 ;
206 148 74 192 21 184 695 105 214 263 107 49 128 210 322 215 222 446 58 439 16 198 327 400 116 213 361 203 201 ;
207 56 213 196 390 473 212 16 198 204 364 629 128 205 216 698 327 ;
208 468 792 219 212 446 16 274 127 205 648 343 596 ;
209 404 16 204 215 596 218 ;
210 41 404 672 676 425 21 233 105 206 194 274 204 439 446 196 16 322 361 116 400 56 214 205 698 642 ;
211 578 204 212 219 205 401 289 698 792 680 781 16 215 30 ;
212 793 222 211 401 193 560 219 85 215 213 205 698 441 198 207 208 794 328 792 216 472 56 196 795 16 327 197 ;
213 366 677 286 793 136 472 437 116 133 212 207 56 49 284 364 16 206 796 797 105 307 474 204 ;
214 688 692 243 137 429 21 56 293 210 202 206 361 196 105 438 116 263 204 503 650 274 16 ;
215 592 289 116 219 198 212 216 209 363 221 199 780 642 786 85 222 401 205 698 211 218 206 193 16 518 594 ;
216 780 204 599 219 289 215 212 390 439 199 221 642 786 218 16 696 207 205 105 798 ;
217 545 775 243 501 128 221 204 293 107 205 105 16 794 ;
218 799 154 578 216 363 199 209 780 215 599 30 201 274 629 335 104 532 105 439 16 196 204 640 ;
219 401 205 725 200 698 215 695 16 212 85 472 592 208 650 211 792 216 800 222 88 595 193 696 69 692 801 289 790 198 127 ;
220 390 197 196 176 802 16 ;
221 555 599 786 217 215 363 199 780 289 216 647 16 ;
222 592 742 803 212 804 198 85 206 205 193 594 215 219 16 ;
223 549 21 678 495 805 17 ;
224 192 495 806 355 115 674 17 675 ;
225 115 806 17 ;
226 18 528 ;
227 39 23 807 134 532 18 45 324 25 410 578 518 378 368 105 135 ;
228 808 50 81 399 20 241 18 404 340 52 271 314 ;
229 19 454 146 ;
230 23 19 298 443 775 809 137 239 138 27 613 240 233 43 ;
231 240 94 182 128 243 254 810 38 346 19 334 57 ;
232 19 27 ;
233 210 238 444 20 282 692 243 254 120 204 71 94 91 28 74 811 82 306 812 239 813 86 70 305 814 534 19 137 38 815 76 633 660 590 439 816 378 585 711 230 240 607 235 255 201 ;
234 82 19 133 182 817 131 376 ;
235 541 662 305 41 27 568 233 19 415 452 458 456 818 257 ;
236 19 105 ;
237 819 340 316 705 38 305 585 82 631 19 633 820 182 702 269 707 624 444 821 94 464 145 196 822 532 503 168 355 167 155 ;
238 27 709 564 453 823 428 824 19 513 137 460 67 41 233 487 447 25 ;
239 590 504 243 230 434 147 146 143 137 233 306 812 825 813 70 330 83 19 21 165 591 ;
240 443 826 776 444 440 231 43 39 405 233 23 134 138 230 248 306 19 ;
241 52 81 340 228 94 484 182 466 150 243 20 367 49 456 415 316 827 145 38 452 475 269 50 588 585 46 151 31 392 ;
242 828 20 418 578 ;
243 396 233 431 829 830 303 826 332 81 591 152 831 214 231 241 137 239 633 373 20 588 217 452 83 150 504 128 ;
244 132 378 832 61 20 470 501 178 ;
245 21 39 354 335 246 250 42 248 41 50 31 ;
246 245 39 362 21 399 585 157 46 250 41 23 103 ;
247 21 41 ;
248 331 775 379 392 52 443 833 809 834 512 245 240 555 192 21 ;
249 21 306 ;
250 367 687 245 252 429 246 21 702 41 39 284 ;
251 333 45 420 31 204 21 258 331 437 335 105 202 56 835 ;
252 250 321 122 711 306 21 107 433 ;
253 21 ;
254 231 677 233 810 585 334 74 338 52 38 346 259 269 21 134 ;
255 333 233 21 23 836 367 837 838 195 489 125 58 839 694 277 355 115 287 ;
256 269 614 572 91 612 716 499 659 769 59 840 21 841 842 ;
257 235 458 354 316 660 843 568 844 369 21 51 423 ;
258 348 251 201 202 21 ;
259 31 50 672 21 132 45 666 333 254 200 92 420 55 472 105 88 293 305 ;
260 81 418 718 845 846 755 73 41 21 458 ;
261 21 ;
262 23 41 377 368 ;
263 23 439 214 194 196 206 24 288 203 204 503 446 107 ;
264 23 847 848 447 849 564 ;
265 101 23 307 272 850 39 284 25 ;
266 94 598 376 23 ;
267 152 140 851 557 710 852 573 556 300 503 23 719 62 185 145 341 75 76 149 ;
268 425 316 368 54 40 659 657 369 767 452 365 354 358 663 395 23 362 106 853 415 72 156 568 340 ;
269 91 196 80 116 76 711 49 137 43 82 52 156 184 702 854 855 256 237 241 23 614 701 254 588 51 ;
270 585 815 351 856 41 38 620 73 857 829 399 23 378 816 632 858 ;
271 859 860 861 392 333 750 404 434 50 228 42 356 355 200 23 112 372 314 398 101 836 164 ;
272 204 265 23 ;
273 501 23 862 689 355 ;
274 470 23 116 594 196 446 105 208 127 695 205 80 437 390 204 49 218 128 210 593 327 201 863 439 214 382 ;
275 415 864 451 378 38 279 82 458 353 23 27 ;
276 756 859 388 143 865 413 591 393 458 299 866 333 414 23 ;
277 23 82 182 694 323 867 255 ;
278 847 824 868 554 564 869 51 870 871 848 23 ;
279 872 568 415 654 598 417 275 372 23 451 ;
280 372 28 23 392 70 112 532 179 671 694 ;
281 339 23 ;
282 67 43 57 68 485 65 510 430 90 233 64 66 426 72 59 58 427 444 133 46 23 ;
283 23 495 355 ;
284 729 591 686 725 434 542 393 543 23 429 329 250 92 265 420 105 200 213 ;
285 540 485 24 72 506 500 90 508 ;
286 58 67 24 199 213 289 ;
287 25 873 52 565 346 74 125 115 874 295 875 182 367 876 877 878 879 122 24 489 839 255 ;
288 192 24 263 ;
289 286 24 584 401 215 780 199 216 781 56 197 221 786 128 219 116 327 205 211 196 ;
290 122 671 355 693 24 880 837 694 838 495 668 ;
291 446 592 105 336 204 85 24 322 725 201 547 203 205 ;
292 182 24 ;
293 40 414 49 128 204 214 217 201 259 24 194 56 783 ;
294 24 ;
295 495 875 287 24 ;
296 48 308 108 182 24 881 ;
297 882 131 699 172 441 584 162 877 120 24 165 ;
298 429 25 590 230 443 883 884 ;
299 756 726 431 140 542 398 730 332 393 396 590 276 552 885 886 410 788 434 571 887 888 389 884 729 725 316 429 25 386 409 333 143 504 ;
300 573 185 392 140 545 267 25 152 371 688 414 ;
301 482 25 82 849 847 331 ;
302 136 25 811 ;
303 380 341 42 468 382 889 243 384 385 387 890 891 322 892 128 893 393 894 895 383 381 386 896 25 439 49 ;
304 27 897 329 ;
305 235 237 233 27 308 676 330 729 393 520 116 307 128 438 259 ;
306 311 240 249 687 898 899 900 233 239 252 749 82 27 ;
307 901 265 27 305 438 116 213 105 435 ;
308 34 296 761 339 658 378 456 28 844 817 305 358 534 458 425 541 881 551 452 81 ;
309 413 479 28 ;
310 902 29 311 903 312 ;
311 312 29 306 310 135 329 314 899 ;
312 904 905 29 311 906 555 907 860 310 908 140 329 ;
313 795 315 404 397 712 909 39 910 457 29 911 350 132 711 142 140 378 136 765 718 ;
314 458 902 147 912 527 311 134 42 523 466 140 50 29 39 181 558 438 271 228 ;
315 29 795 313 457 611 348 396 712 468 ;
316 368 339 237 268 354 241 76 913 52 349 827 415 495 146 532 191 914 515 29 378 54 257 299 562 66 409 358 707 662 ;
317 30 196 599 49 780 129 55 322 194 321 ;
318 30 ;
319 30 915 ;
320 697 30 323 326 517 321 ;
321 916 137 692 429 252 128 49 363 697 324 320 322 317 442 323 325 30 435 105 202 ;
322 303 568 442 917 291 79 30 400 317 163 210 206 446 438 915 168 164 49 390 325 439 321 336 ;
323 192 30 320 203 77 697 277 640 321 326 ;
324 50 227 372 666 128 30 325 55 321 ;
325 128 49 324 322 328 363 30 201 321 194 ;
326 30 918 320 629 323 681 ;
327 592 578 49 198 584 56 289 390 207 274 629 212 130 401 85 595 162 206 176 196 780 104 197 30 ;
328 212 193 363 325 30 49 85 204 ;
329 31 333 311 581 673 420 54 185 140 415 284 433 122 331 543 335 355 125 312 542 384 332 304 ;
330 375 31 239 881 378 585 131 919 711 305 70 38 ;
331 333 420 31 248 132 339 122 54 329 564 301 336 433 105 423 543 185 775 384 827 145 251 ;
332 146 412 44 431 393 243 591 84 299 407 504 383 730 386 396 724 389 920 434 543 56 143 42 41 140 905 142 48 329 157 31 203 120 39 137 381 895 893 135 ;
333 196 42 336 329 532 331 543 45 545 420 372 255 658 574 861 921 78 434 251 390 558 870 105 641 112 54 335 922 31 337 364 470 564 259 200 52 381 513 299 384 81 276 466 743 457 410 140 50 271 157 104 489 ;
334 923 354 368 810 254 612 924 608 457 376 231 925 41 634 31 ;
335 329 543 157 333 56 420 31 105 650 202 532 245 926 42 52 204 201 218 251 ;
336 40 333 331 31 908 620 291 205 79 469 322 201 ;
337 927 333 42 383 433 47 31 409 356 468 778 503 ;
338 134 354 51 603 638 50 254 587 42 661 31 429 ;
339 928 554 340 316 354 761 929 308 281 930 331 344 565 72 931 102 545 932 31 368 484 576 933 106 ;
340 237 339 934 354 228 658 241 935 135 362 31 52 365 846 268 761 51 ;
341 32 384 44 936 303 889 896 891 892 736 385 393 937 416 183 62 357 573 908 267 380 890 571 938 364 578 76 382 884 413 512 389 371 ;
342 34 881 ;
343 34 446 400 208 698 ;
344 677 489 181 568 660 339 541 939 116 564 466 415 38 155 49 549 ;
345 350 38 ;
346 155 418 399 551 368 375 38 287 231 254 54 ;
347 590 940 941 942 356 38 943 743 944 746 945 946 748 ;
348 258 38 445 611 315 202 585 ;
349 140 947 523 38 316 45 69 362 ;
350 948 345 313 711 949 366 38 ;
351 632 270 727 134 94 705 72 58 368 687 52 38 829 554 46 870 844 163 ;
352 660 588 950 467 562 455 769 656 951 654 952 953 38 76 ;
353 538 38 41 568 501 275 51 954 72 578 392 841 ;
354 84 146 185 338 54 316 41 140 356 39 142 415 368 75 150 930 50 399 40 46 147 573 859 340 334 767 245 42 371 268 141 505 257 339 145 365 720 358 955 51 ;
355 357 356 39 956 666 957 45 958 142 271 42 40 329 501 237 41 392 468 402 290 489 495 694 693 367 416 255 273 532 691 122 959 838 70 224 668 671 283 112 874 ;
356 591 354 543 407 725 389 590 945 724 744 42 399 586 946 960 747 961 745 468 392 271 410 905 470 355 153 750 39 337 552 414 347 72 ;
357 355 341 889 383 416 891 39 896 ;
358 452 41 369 921 354 268 378 750 515 106 308 769 707 316 962 39 425 548 ;
359 40 521 183 711 765 ;
360 40 55 472 56 361 ;
361 40 204 193 166 49 196 201 194 796 360 214 105 210 400 436 80 206 ;
362 40 340 155 349 146 246 137 268 466 69 963 523 432 544 45 52 ;
363 40 49 786 221 441 199 328 215 218 325 321 193 ;
364 40 148 185 341 333 144 56 472 207 213 196 ;
365 52 767 954 340 369 40 268 354 962 ;
366 213 51 40 350 ;
367 688 250 687 183 135 50 241 52 672 48 767 468 40 470 675 355 964 495 965 255 287 532 838 489 966 693 125 115 879 ;
368 268 66 41 369 354 962 392 864 262 316 660 372 50 953 351 134 51 415 929 346 334 339 227 ;
369 368 358 91 41 268 257 365 954 452 72 579 ;
370 41 395 872 102 609 417 ;
371 145 416 152 185 503 354 736 300 41 146 149 62 341 203 ;
372 42 280 368 538 378 467 279 324 333 134 41 271 730 145 ;
373 704 58 41 46 243 57 62 72 429 68 ;
374 41 ;
375 391 330 41 155 346 ;
376 266 454 612 417 608 967 634 968 610 334 734 969 397 970 421 630 403 971 606 457 872 96 137 429 94 378 41 234 73 ;
377 972 155 585 445 429 41 134 882 262 973 ;
378 330 244 308 54 233 73 753 454 372 42 661 391 86 313 358 585 648 316 413 588 376 148 974 275 390 975 713 389 467 41 227 270 204 750 662 105 155 ;
379 833 809 659 41 248 ;
380 385 784 381 42 303 341 382 976 387 ;
381 303 393 504 42 384 380 143 183 387 383 382 385 890 591 730 332 386 784 413 82 333 552 892 ;
382 303 42 387 784 936 384 385 383 381 386 380 977 890 578 341 593 274 ;
383 42 332 384 382 303 381 386 387 337 357 504 44 884 ;
384 42 341 892 385 303 383 381 386 393 938 387 784 329 409 183 382 896 543 331 407 796 333 578 891 ;
385 382 890 380 726 303 341 386 784 381 393 42 387 384 896 ;
386 42 381 44 385 383 730 382 299 384 504 303 332 387 ;
387 380 384 382 381 385 303 383 386 938 42 144 135 591 ;
388 404 276 859 42 890 83 958 833 591 396 ;
389 299 726 434 410 809 884 413 633 185 788 42 431 729 396 356 378 724 332 978 885 542 886 756 552 571 887 888 341 ;
390 42 725 378 333 220 197 322 49 196 105 176 116 327 207 802 446 216 786 204 56 584 274 781 194 205 ;
391 375 752 657 158 42 378 458 418 979 835 106 840 ;
392 980 271 538 56 280 241 248 300 902 356 368 953 42 846 353 355 ;
393 303 504 332 892 730 895 893 981 385 341 42 381 920 894 976 982 983 276 439 284 183 443 384 58 299 305 ;
394 135 42 ;
395 158 661 753 370 752 767 42 268 984 846 ;
396 745 944 412 143 299 743 434 756 504 140 243 552 410 985 986 958 890 571 315 90 42 388 389 724 466 943 747 332 187 542 153 748 72 147 892 76 ;
397 313 457 421 42 135 376 468 ;
398 85 976 756 942 958 299 42 271 ;
399 840 354 42 960 572 356 202 45 270 46 346 246 701 228 ;
400 42 361 105 574 581 322 80 79 194 206 343 210 ;
401 42 219 987 130 699 584 205 212 193 436 698 80 198 327 215 802 289 211 85 441 162 798 ;
402 52 988 657 434 42 905 989 355 ;
403 578 697 376 545 42 968 468 ;
404 313 388 573 209 104 434 271 210 228 142 677 101 50 150 42 990 ;
405 81 240 429 82 43 ;
406 731 407 44 408 ;
407 408 332 406 411 991 356 410 44 775 552 384 730 992 ;
408 406 407 904 731 409 908 44 646 775 725 ;
409 892 384 431 591 705 726 408 299 410 411 44 434 729 859 316 337 ;
410 726 892 993 389 434 413 299 356 396 788 543 411 542 937 407 431 409 44 227 143 333 ;
411 143 407 409 410 44 540 552 773 ;
412 590 943 743 396 745 44 552 153 413 332 726 724 ;
413 983 884 309 143 381 410 341 44 276 590 412 724 552 389 137 73 378 52 ;
414 300 46 749 276 186 44 293 356 105 434 ;
415 914 316 827 652 241 106 662 354 344 549 235 452 507 275 329 368 538 279 535 705 155 568 268 45 ;
416 371 185 145 357 341 851 573 45 355 203 ;
417 872 45 370 750 279 376 457 612 ;
418 260 994 484 605 391 995 134 523 346 45 155 242 755 ;
419 848 486 808 564 513 460 45 ;
420 329 331 333 251 77 73 543 574 259 335 137 105 57 45 775 284 ;
421 397 45 376 609 ;
422 824 957 45 996 73 554 564 447 ;
423 997 660 257 72 45 331 ;
424 45 ;
425 268 106 659 358 308 210 840 929 430 817 45 ;
426 58 59 90 46 66 69 282 57 72 ;
427 90 508 63 507 998 509 908 476 864 282 46 999 71 500 868 1000 517 ;
428 238 46 146 ;
429 454 122 898 298 86 884 284 299 1001 554 460 919 250 125 377 543 817 775 214 405 321 128 71 520 376 46 186 546 632 373 1002 338 ;
430 67 497 282 500 59 499 425 68 485 65 510 90 46 ;
431 756 299 409 904 135 332 243 389 892 410 46 1003 ;
432 932 963 907 1004 1005 860 610 362 822 46 69 ;
433 252 687 543 331 337 329 927 47 802 ;
434 886 571 887 389 788 726 542 993 885 552 299 756 888 884 410 159 333 404 271 729 284 748 239 396 402 332 636 540 409 724 468 48 687 414 504 ;
435 691 307 116 49 321 128 ;
436 49 361 401 ;
437 49 274 251 105 439 130 213 56 ;
438 729 204 201 501 725 49 322 214 314 552 305 307 ;
439 393 233 1006 303 105 650 206 58 194 437 128 210 216 116 263 196 322 218 274 49 ;
440 240 444 49 640 ;
441 882 363 297 212 699 698 118 517 806 584 401 49 198 ;
442 322 49 321 ;
443 809 240 142 230 775 834 298 749 137 393 444 248 504 50 539 ;
444 282 233 69 240 237 443 91 50 70 440 ;
445 348 155 377 586 451 588 51 461 448 134 568 ;
446 51 192 468 206 274 116 695 208 390 915 105 205 594 641 210 322 193 133 127 291 343 204 196 263 ;
447 264 824 484 51 73 564 996 482 1007 422 477 238 475 816 ;
448 445 134 51 ;
449 51 456 ;
450 459 731 51 ;
451 507 445 275 772 279 500 950 1008 662 538 51 836 ;
452 688 657 268 415 654 52 1009 455 1010 358 515 1011 106 914 652 81 369 235 656 663 241 137 588 308 662 243 456 ;
453 484 52 238 564 687 ;
454 189 623 93 821 1012 54 89 624 625 603 1013 622 621 191 1014 429 115 604 376 137 86 378 704 464 229 95 52 598 708 81 578 ;
455 588 654 72 515 660 52 352 188 452 ;
456 308 241 449 1009 817 761 235 452 52 ;
457 313 376 315 397 417 334 923 94 135 52 333 468 96 ;
458 1015 1001 314 1016 603 257 707 548 632 276 391 840 52 106 308 275 235 260 ;
459 1017 700 1018 980 1019 701 840 137 52 842 450 ;
460 757 533 564 419 554 1020 995 471 513 484 1021 486 848 1022 922 1023 477 1024 1025 487 1026 1027 131 238 429 1002 82 52 81 ;
461 52 445 632 ;
462 990 1009 1028 54 76 818 ;
463 54 ;
464 821 624 774 626 603 191 89 189 454 54 1029 625 1013 237 ;
465 93 602 54 545 ;
466 187 344 69 765 54 711 76 241 314 362 74 396 549 523 333 638 1030 1031 ;
467 660 588 770 352 769 654 952 188 819 106 468 549 76 73 135 470 372 378 1010 54 ;
468 303 208 467 356 75 101 1032 434 130 932 367 649 116 105 337 355 315 397 1033 457 912 489 836 403 558 965 573 55 446 552 ;
469 336 55 118 ;
470 500 68 810 333 356 56 116 244 501 274 61 132 521 467 200 836 367 ;
471 513 757 808 56 848 460 1034 545 ;
472 360 364 213 204 212 196 219 259 696 56 105 ;
473 207 196 56 ;
474 56 202 201 213 ;
475 133 709 65 447 1020 1035 1007 241 849 554 57 483 ;
476 427 870 480 485 57 65 508 62 757 63 ;
477 460 996 65 483 933 1020 995 1036 57 447 486 ;
478 57 564 ;
479 57 480 1037 957 554 309 481 849 564 ;
480 57 479 1037 957 135 483 811 476 996 875 675 ;
481 134 57 709 1038 487 663 706 691 564 65 847 1039 554 131 479 ;
482 447 868 849 57 301 995 ;
483 1040 477 487 491 522 1041 497 607 709 484 1042 1008 564 499 1035 1043 1022 486 995 480 869 57 65 64 475 ;
484 447 486 453 418 483 709 564 995 549 57 460 870 871 1024 339 241 ;
485 90 57 64 285 68 510 65 430 67 282 476 605 60 61 508 ;
486 477 565 757 460 922 483 1020 995 513 484 848 1023 419 1036 57 ;
487 134 564 757 1026 481 483 460 1044 238 1045 57 ;
488 58 ;
489 344 333 468 495 163 367 58 874 255 694 675 195 689 355 878 287 1046 ;
490 67 491 58 170 ;
491 497 483 607 522 1041 632 490 517 58 67 ;
492 58 70 166 ;
493 58 ;
494 58 ;
495 316 224 355 223 806 295 874 489 689 367 283 1047 875 668 878 694 70 58 290 ;
496 59 979 ;
497 491 430 607 483 1041 59 ;
498 1048 764 700 979 499 59 ;
499 483 430 1001 1049 256 498 701 59 ;
500 68 470 607 539 430 506 451 537 72 61 507 562 730 427 285 69 508 ;
501 353 660 273 643 132 470 244 355 171 638 821 438 549 217 61 818 104 ;
502 61 ;
503 105 62 371 505 573 203 651 214 204 263 267 237 337 192 ;
504 74 381 1050 239 443 730 393 62 893 892 140 143 981 383 332 386 920 396 434 142 724 726 895 135 833 549 243 299 552 ;
505 354 736 503 140 146 573 741 74 149 62 ;
506 69 525 509 63 500 64 285 ;
507 147 72 427 509 63 890 607 451 562 540 415 500 90 517 999 942 ;
508 427 511 755 476 485 63 607 718 285 509 71 500 ;
509 427 521 506 1050 507 508 712 69 63 ;
510 282 64 68 65 430 90 485 72 ;
511 508 65 68 72 71 ;
512 698 908 904 1051 889 775 809 65 834 341 248 896 833 198 992 ;
513 848 808 471 757 460 333 1034 238 65 564 486 419 ;
514 1052 65 ;
515 66 316 455 452 358 771 ;
516 67 ;
517 427 507 118 441 491 67 320 ;
518 592 227 594 193 600 601 85 88 599 532 215 67 836 ;
519 67 ;
520 68 429 137 82 305 ;
521 509 765 359 69 711 578 1016 470 529 ;
522 483 607 491 69 ;
523 69 822 349 1053 765 362 528 314 418 570 466 546 ;
524 135 69 578 ;
525 69 506 ;
526 69 ;
527 902 529 314 558 912 69 1054 ;
528 73 765 822 523 549 226 69 ;
529 558 521 903 527 69 ;
530 70 950 ;
531 70 881 ;
532 333 705 316 227 335 237 687 1055 182 831 110 280 680 367 113 70 167 218 117 120 168 518 355 654 ;
533 460 757 612 71 136 ;
534 72 233 308 ;
535 72 1056 415 ;
536 72 131 ;
537 72 500 ;
538 353 372 72 451 415 950 1057 392 106 ;
539 500 443 72 ;
540 285 72 507 150 434 411 ;
541 235 344 72 549 308 1009 ;
542 284 756 389 725 434 726 552 299 729 410 888 833 72 396 886 329 ;
543 558 617 73 356 581 420 721 333 335 122 433 687 332 429 329 331 384 284 410 1034 709 ;
544 73 362 ;
545 581 122 709 200 300 105 73 333 721 641 217 135 471 403 339 465 ;
546 523 1053 429 1058 73 569 ;
547 132 73 291 ;
548 358 458 73 ;
549 74 186 831 568 466 181 467 415 564 541 660 504 223 528 1059 484 551 765 816 344 501 ;
550 74 ;
551 765 183 74 549 346 308 ;
552 726 468 434 885 542 886 756 788 571 887 888 389 299 729 725 413 730 590 407 504 356 381 396 411 74 412 438 884 ;
553 76 568 1060 663 74 1061 853 ;
554 869 928 849 1062 1007 479 565 709 824 868 564 422 475 278 137 460 429 339 481 351 74 101 81 ;
555 221 312 860 248 833 687 1063 1009 775 592 834 74 124 ;
556 75 573 267 144 ;
557 152 573 75 721 267 720 ;
558 912 903 543 1054 314 902 529 527 75 333 468 ;
559 185 152 75 144 741 ;
560 75 1064 212 ;
561 912 902 1054 1065 860 1066 75 ;
562 588 654 507 500 660 568 316 188 769 76 677 578 352 ;
563 76 182 172 165 168 120 121 ;
564 996 869 554 460 995 453 549 762 344 868 824 849 578 238 848 278 484 709 333 76 331 447 957 419 478 487 808 481 264 479 422 483 660 513 1026 ;
565 136 486 816 339 554 133 287 76 824 1038 ;
566 183 567 76 882 190 ;
567 183 187 566 190 76 87 ;
568 353 656 279 135 344 76 553 549 257 598 1061 562 235 94 415 322 660 954 268 445 ;
569 76 185 546 119 669 124 117 114 110 120 ;
570 523 76 ;
571 341 595 888 885 886 788 552 756 434 299 887 726 389 396 76 ;
572 76 612 399 960 980 184 256 659 ;
573 146 140 300 267 185 145 503 557 404 84 354 416 190 147 148 505 150 710 341 851 203 556 76 149 152 468 ;
574 333 420 92 77 400 ;
575 78 ;
576 136 339 79 ;
577 79 80 ;
578 142 80 1067 1068 611 403 1069 671 524 656 382 1070 211 521 189 603 185 604 150 659 341 1071 327 353 811 227 866 891 242 218 562 188 564 105 384 715 454 ;
579 80 369 184 844 ;
580 80 186 ;
581 686 545 543 329 400 80 ;
582 80 101 757 ;
583 80 ;
584 289 162 327 198 401 161 176 806 297 780 177 171 699 441 80 390 ;
585 663 237 270 378 377 81 348 137 677 706 155 691 254 983 700 134 131 246 241 233 330 ;
586 356 445 134 135 81 202 155 883 638 ;
587 1031 81 338 1072 ;
588 82 952 106 455 654 953 770 769 656 660 352 951 655 467 562 188 819 772 1073 137 445 243 241 954 378 452 269 687 81 ;
589 662 187 82 ;
590 940 356 412 743 747 945 744 961 946 748 724 591 347 153 239 756 83 413 233 299 552 143 730 298 ;
591 284 142 724 945 381 409 239 276 84 726 590 143 744 388 332 243 356 153 725 743 387 746 ;
592 1074 222 595 291 650 193 215 594 85 327 895 555 725 518 219 ;
593 1075 745 116 1076 382 85 695 274 ;
594 592 193 274 600 88 518 85 198 648 204 599 601 205 446 222 215 127 695 ;
595 592 571 725 85 219 327 ;
596 105 209 200 85 208 742 786 ;
597 86 94 598 ;
598 86 708 1032 94 715 279 135 925 621 1077 597 568 98 654 1062 623 741 953 100 603 454 266 ;
599 196 216 88 317 221 786 518 594 193 601 218 780 ;
600 742 725 193 518 594 88 965 ;
601 1046 518 594 88 599 193 ;
602 93 89 465 99 623 189 622 183 ;
603 454 93 621 855 458 89 578 741 598 630 338 90 186 464 ;
604 621 183 90 89 454 578 ;
605 90 418 485 ;
606 135 94 872 376 90 ;
607 507 134 522 483 1041 497 491 90 508 233 500 ;
608 924 634 985 376 334 90 ;
609 421 370 872 90 ;
610 432 822 1078 967 96 612 1079 90 376 ;
611 91 131 578 315 348 1001 614 ;
612 968 376 1080 96 572 1081 136 985 610 923 334 1082 1083 417 1084 256 533 91 ;
613 230 91 1019 ;
614 854 256 91 700 131 269 611 103 ;
615 91 ;
616 92 ;
617 543 92 1085 132 200 ;
618 92 ;
619 92 ;
620 270 92 336 ;
621 604 737 454 598 93 603 ;
622 623 454 191 1013 602 189 93 ;
623 93 602 454 189 598 622 ;
624 454 464 237 821 93 ;
625 183 454 677 464 93 ;
626 93 464 ;
627 93 636 98 ;
628 93 ;
629 683 198 640 118 218 207 93 327 326 ;
630 94 872 376 603 ;
631 94 237 ;
632 351 458 94 95 461 429 491 270 ;
633 163 94 389 730 859 237 233 143 243 ;
634 608 985 924 96 872 969 1078 334 376 ;
635 98 ;
636 737 627 98 1014 434 ;
637 101 ;
638 677 132 501 101 186 466 338 586 ;
639 103 186 ;
640 629 323 104 440 218 ;
641 200 105 643 129 642 646 645 333 545 446 ;
642 105 200 643 641 116 216 215 198 210 ;
643 641 501 105 200 645 129 642 ;
644 105 ;
645 641 200 105 643 ;
646 408 200 105 641 ;
647 127 105 787 783 198 786 221 200 ;
648 378 792 116 594 208 205 127 695 105 ;
649 660 142 140 158 773 468 783 105 199 127 194 ;
650 592 775 335 219 201 696 698 214 105 439 ;
651 503 1086 105 ;
652 415 452 106 ;
653 853 106 ;
654 660 455 588 770 352 769 656 467 562 188 772 452 106 598 279 532 ;
655 588 106 ;
656 568 654 588 578 106 452 769 953 352 ;
657 825 402 391 979 846 661 268 106 452 752 ;
658 333 935 1087 1088 987 106 1089 340 308 ;
659 853 425 268 379 572 578 106 256 ;
660 455 588 352 769 654 467 562 188 772 344 501 649 1060 257 368 423 962 233 664 549 568 564 106 677 ;
661 754 158 1084 752 704 984 106 657 338 395 378 ;
662 415 316 451 715 589 137 235 452 156 106 378 ;
663 585 481 706 691 106 553 1090 268 452 134 188 ;
664 660 1091 106 ;
665 990 106 ;
666 107 355 324 259 ;
667 107 ;
668 115 355 290 495 107 880 694 ;
669 179 114 119 569 120 110 ;
670 112 ;
671 578 836 112 355 195 290 280 778 1092 ;
672 130 367 113 210 259 ;
673 329 115 ;
674 224 115 ;
675 367 875 480 1047 195 694 489 224 115 ;
676 305 116 210 ;
677 344 254 155 585 213 116 404 131 638 660 625 562 ;
678 223 116 196 ;
679 116 ;
680 1093 128 211 532 116 ;
681 326 116 ;
682 136 117 ;
683 629 118 ;
684 126 118 ;
685 120 ;
686 122 581 284 ;
687 367 306 555 1007 433 250 704 122 703 351 199 543 692 588 532 156 698 1067 1001 453 434 ;
688 300 367 452 884 122 214 ;
689 122 495 273 489 694 ;
690 124 ;
691 975 706 663 134 585 853 481 196 168 355 435 124 ;
692 321 233 884 214 125 149 200 219 687 ;
693 135 1086 355 290 125 367 ;
694 1094 489 355 495 290 255 689 675 277 195 280 668 125 ;
695 696 219 206 593 446 127 198 274 648 196 594 786 ;
696 695 127 650 216 472 219 ;
697 403 775 320 790 321 323 128 ;
698 512 192 401 211 130 198 790 797 212 215 207 650 219 801 687 441 343 205 210 ;
699 441 130 162 584 297 1095 401 806 987 879 ;
700 183 840 459 131 585 498 614 ;
701 399 459 131 840 1096 269 499 ;
702 237 269 250 131 156 ;
703 783 687 131 ;
704 687 454 775 661 373 131 ;
705 237 415 409 532 194 996 1097 134 351 ;
706 481 663 691 994 585 134 847 1098 1043 1038 1039 755 ;
707 853 1010 825 458 954 316 237 358 134 ;
708 598 134 454 ;
709 545 134 481 816 1038 1035 483 484 475 1098 238 564 849 554 543 ;
710 573 267 721 851 135 733 732 ;
711 137 359 252 269 313 186 861 1050 521 350 466 135 330 233 900 ;
712 135 795 313 315 509 ;
713 135 378 ;
714 1099 135 988 ;
715 662 183 950 598 135 578 ;
716 256 136 ;
717 136 ;
718 812 260 508 136 313 ;
719 908 140 267 148 141 ;
720 557 140 354 147 ;
721 149 543 557 545 140 710 ;
722 140 ;
723 142 737 141 152 143 ;
724 945 744 591 183 940 504 332 434 389 747 413 356 590 986 1100 958 396 941 746 946 412 142 ;
725 726 219 356 291 592 729 595 798 199 438 600 284 787 143 591 730 542 552 299 390 408 ;
726 729 725 434 183 552 542 389 299 385 410 978 885 886 756 788 571 887 888 504 591 409 143 412 ;
727 143 351 ;
728 731 992 1003 976 143 ;
729 434 725 542 284 552 438 726 389 299 143 409 859 305 ;
730 393 756 407 983 386 945 633 725 299 504 590 982 552 500 332 381 143 981 372 ;
731 974 728 1003 406 408 992 450 143 ;
732 144 710 ;
733 144 710 ;
734 821 376 144 ;
735 152 145 ;
736 371 185 505 937 145 341 ;
737 621 723 152 636 146 149 ;
738 147 793 ;
739 152 147 ;
740 152 ;
741 157 598 603 505 152 559 ;
742 185 222 152 965 596 600 ;
743 748 945 153 396 590 944 746 333 412 347 591 ;
744 746 945 745 356 590 153 783 724 591 748 ;
745 412 940 744 748 945 153 356 746 396 593 ;
746 945 744 745 591 743 347 748 153 724 ;
747 590 356 396 724 153 ;
748 746 744 940 743 347 745 396 434 1075 153 590 ;
749 306 414 157 443 ;
750 271 358 872 417 356 158 378 ;
751 158 ;
752 657 158 661 391 395 ;
753 395 754 158 378 ;
754 812 158 753 661 ;
755 508 158 260 418 706 ;
756 434 276 730 431 590 299 542 885 886 788 552 571 726 887 888 389 398 396 775 159 ;
757 460 1045 160 471 1027 808 513 486 1101 1020 533 1025 848 487 1026 582 476 ;
758 160 ;
759 160 ;
760 163 ;
761 456 935 339 340 930 308 176 ;
762 564 182 ;
763 182 ;
764 183 498 1048 ;
765 521 466 795 523 822 551 528 1102 183 1053 359 549 313 ;
766 183 187 774 ;
767 365 268 185 367 395 354 ;
768 1103 186 ;
769 188 770 467 953 660 588 352 656 654 562 358 256 ;
770 819 654 588 975 769 467 188 1073 ;
771 515 1104 953 188 ;
772 188 588 654 451 660 819 ;
773 976 189 411 649 ;
774 896 189 464 766 ;
775 833 248 704 650 331 192 884 193 443 809 512 555 834 429 756 198 217 230 408 407 420 697 ;
776 240 192 ;
777 196 194 ;
778 337 195 671 ;
779 196 ;
780 317 216 199 584 196 198 289 599 221 215 786 218 197 327 ;
781 390 196 211 289 ;
782 197 ;
783 703 744 293 205 649 647 198 786 ;
784 890 936 885 380 895 382 385 381 891 384 199 ;
785 199 ;
786 221 363 215 599 199 780 289 216 596 647 783 390 695 ;
787 725 647 200 ;
788 434 885 886 756 571 887 888 552 200 389 410 726 299 ;
789 203 ;
790 698 697 204 219 ;
791 204 ;
792 648 212 219 208 211 205 ;
793 1067 1069 1005 1105 1078 212 213 738 ;
794 809 212 217 ;
795 315 712 765 313 1066 903 212 ;
796 384 213 361 ;
797 698 213 ;
798 725 216 401 ;
799 218 926 ;
800 219 ;
801 698 219 ;
802 433 401 390 1106 220 ;
803 222 ;
804 222 ;
805 223 ;
806 224 495 699 225 584 441 ;
807 850 227 ;
808 471 513 228 1097 564 848 757 1034 419 1023 ;
809 443 248 775 833 834 379 512 389 230 794 ;
810 470 254 334 231 ;
811 233 1037 302 480 957 578 ;
812 754 718 846 233 239 ;
813 233 239 ;
814 233 825 ;
815 270 233 ;
816 849 847 447 549 823 233 565 270 709 ;
817 429 234 308 456 425 ;
818 990 462 501 235 ;
819 770 953 1058 952 467 772 588 237 ;
820 853 237 ;
821 734 464 501 237 454 624 ;
822 765 610 432 523 1053 528 237 ;
823 238 816 ;
824 565 1036 422 554 238 564 870 868 447 278 1107 ;
825 707 239 657 814 ;
826 240 243 ;
827 415 316 241 331 ;
828 242 1062 ;
829 270 243 351 ;
830 243 ;
831 549 243 976 532 ;
832 244 ;
833 775 809 379 248 834 512 388 542 908 504 555 ;
834 443 248 775 833 809 555 1108 512 ;
835 391 251 ;
836 1109 859 468 470 451 1010 271 255 1110 671 1111 518 ;
837 838 255 290 880 ;
838 255 367 837 355 290 ;
839 255 287 ;
840 459 425 700 701 980 399 256 458 391 ;
841 256 353 ;
842 459 256 ;
843 257 ;
844 308 579 257 351 ;
845 260 ;
846 392 340 812 657 260 395 ;
847 1098 1043 1035 1039 278 301 264 816 481 706 ;
848 757 471 1045 808 460 564 264 513 419 278 1098 486 1034 ;
849 301 482 564 1035 264 475 1043 816 554 709 1037 479 1098 ;
850 807 265 ;
851 710 416 267 573 ;
852 267 ;
853 659 707 653 929 691 820 268 553 ;
854 614 869 269 ;
855 603 1112 871 923 269 868 869 ;
856 270 ;
857 270 ;
858 270 ;
859 388 276 354 1113 271 729 409 633 836 ;
860 271 963 432 1005 312 907 555 561 ;
861 1050 271 989 333 988 711 ;
862 273 ;
863 274 ;
864 368 275 427 ;
865 976 1113 276 ;
866 578 276 ;
867 277 ;
868 564 554 278 869 824 1112 855 870 482 427 ;
869 1112 868 564 855 278 854 483 554 ;
870 1035 476 824 868 871 333 278 1114 484 1038 351 ;
871 855 870 278 484 ;
872 370 417 634 279 609 750 630 606 376 ;
873 287 ;
874 489 495 287 1115 355 ;
875 675 480 295 287 495 ;
876 287 ;
877 297 287 ;
878 489 287 495 1095 ;
879 367 287 699 ;
880 668 837 290 ;
881 330 308 342 296 531 ;
882 377 566 297 441 ;
883 298 586 ;
884 434 299 688 429 389 383 552 775 692 341 1116 298 413 ;
885 784 552 726 886 756 788 434 571 887 888 389 299 ;
886 885 542 756 788 434 552 571 726 887 888 389 299 ;
887 885 886 756 788 434 552 571 726 888 389 299 ;
888 756 885 886 788 571 887 542 434 552 726 389 299 ;
889 896 936 891 341 303 512 357 ;
890 341 385 303 507 1117 382 381 784 388 396 978 ;
891 341 907 889 896 303 357 784 578 384 ;
892 431 504 303 393 381 409 410 341 384 396 ;
893 504 393 303 332 ;
894 981 1011 393 983 895 976 920 982 303 ;
895 592 894 981 976 784 983 393 504 303 332 920 ;
896 341 889 936 891 924 774 357 384 512 385 303 ;
897 304 ;
898 1118 306 429 ;
899 311 900 306 ;
900 306 1058 899 711 ;
901 307 ;
902 310 527 1066 314 561 558 392 912 ;
903 558 795 310 529 ;
904 431 312 1051 512 908 408 ;
905 312 356 332 402 ;
906 312 ;
907 1004 1005 860 891 432 1067 1069 312 911 ;
908 904 427 408 512 992 312 719 341 833 1003 336 ;
909 313 ;
910 1069 313 1067 1005 1105 1078 ;
911 907 313 ;
912 561 1066 527 902 558 314 1065 1054 468 ;
913 316 ;
914 316 452 415 ;
915 322 446 319 ;
916 321 ;
917 322 ;
918 326 ;
919 1119 429 330 ;
920 393 332 894 981 895 983 504 ;
921 358 1090 333 ;
922 460 486 333 1002 ;
923 334 612 457 855 1023 ;
924 896 608 985 634 334 ;
925 334 598 ;
926 799 335 ;
927 433 337 ;
928 339 1062 554 ;
929 853 368 425 339 ;
930 354 339 761 1120 ;
931 339 1011 1121 ;
932 963 1005 339 432 468 ;
933 339 477 ;
934 340 ;
935 658 761 987 340 1087 ;
936 784 341 382 889 896 ;
937 341 736 410 ;
938 384 341 387 ;
939 344 ;
940 745 941 590 748 724 347 946 ;
941 940 942 724 347 ;
942 941 347 958 507 398 ;
943 412 396 347 ;
944 396 347 743 ;
945 591 724 590 743 746 744 745 730 347 356 ;
946 356 590 940 724 347 ;
947 349 ;
948 350 ;
949 350 ;
950 352 530 952 715 451 538 ;
951 588 352 ;
952 588 950 819 352 467 ;
953 769 368 392 588 656 598 771 819 352 ;
954 365 588 568 353 369 707 962 ;
955 354 ;
956 355 ;
957 422 811 1037 479 480 564 355 995 996 ;
958 1063 1100 986 942 355 396 724 388 398 ;
959 355 ;
960 356 1122 572 399 ;
961 356 590 ;
962 954 365 368 358 660 ;
963 860 932 432 362 ;
964 367 ;
965 742 468 367 600 ;
966 367 ;
967 376 610 ;
968 612 403 1084 376 1080 ;
969 376 634 ;
970 376 ;
971 376 ;
972 377 ;
973 377 ;
974 731 378 ;
975 770 378 691 ;
976 398 773 380 728 865 894 831 393 981 895 983 ;
977 382 ;
978 726 890 389 ;
979 657 498 496 1123 391 ;
980 392 840 459 1068 572 ;
981 895 920 976 1124 894 983 393 504 730 ;
982 730 894 393 ;
983 976 920 894 393 895 585 730 981 413 ;
984 395 661 ;
985 612 608 634 924 396 ;
986 958 724 396 ;
987 658 935 1087 401 699 ;
988 861 714 402 1050 ;
989 1050 861 402 ;
990 1009 462 818 404 665 ;
991 407 ;
992 407 731 1003 728 908 512 ;
993 434 410 ;
994 418 706 ;
995 477 482 486 460 1043 484 957 483 1112 564 996 1026 418 ;
996 477 422 564 995 705 480 447 957 ;
997 1123 423 ;
998 427 1125 ;
999 427 507 ;
1000 427 ;
1001 1049 611 429 458 499 1126 687 ;
1002 429 460 922 ;
1003 731 992 728 908 431 ;
1004 1067 1005 907 1069 1105 432 ;
1005 1004 1067 907 1069 1105 1070 432 910 860 932 793 ;
1006 439 ;
1007 475 687 554 447 ;
1008 483 451 ;
1009 462 452 555 456 1127 990 541 ;
1010 707 452 467 836 ;
1011 894 931 452 ;
1012 454 ;
1013 454 622 464 ;
1014 454 636 ;
1015 458 ;
1016 458 521 ;
1017 459 1068 1019 ;
1018 459 ;
1019 459 613 1017 1068 ;
1020 475 757 460 486 477 ;
1021 460 ;
1022 483 460 ;
1023 1128 486 460 923 808 ;
1024 460 1097 484 ;
1025 757 460 ;
1026 757 995 487 460 1045 564 ;
1027 757 460 ;
1028 462 ;
1029 464 ;
1030 466 ;
1031 587 466 ;
1032 598 1069 1078 468 ;
1033 468 ;
1034 808 471 543 848 513 ;
1035 1043 847 1039 1098 849 870 475 709 483 1038 ;
1036 477 486 824 ;
1037 957 479 811 480 849 ;
1038 709 1035 481 565 706 870 ;
1039 1035 847 1043 1098 706 481 ;
1040 483 ;
1041 483 497 607 491 ;
1042 483 ;
1043 1035 847 1098 1039 995 483 849 706 ;
1044 487 ;
1045 757 1112 848 487 1026 ;
1046 601 489 ;
1047 495 675 ;
1048 498 764 ;
1049 1001 499 ;
1050 861 504 509 989 988 711 ;
1051 904 512 ;
1052 514 ;
1053 1129 546 523 822 765 ;
1054 558 912 561 527 ;
1055 532 ;
1056 535 ;
1057 538 ;
1058 900 819 546 ;
1059 549 ;
1060 553 660 ;
1061 568 553 ;
1062 928 554 828 598 ;
1063 555 958 ;
1064 560 ;
1065 912 561 ;
1066 912 902 1105 561 795 ;
1067 1005 910 793 1070 1069 1105 1078 1004 907 687 578 ;
1068 578 1017 980 1019 ;
1069 1004 1067 1005 907 1105 910 793 1070 1078 578 1032 ;
1070 578 1067 1005 1069 1105 ;
1071 578 ;
1072 587 ;
1073 1130 588 770 ;
1074 592 ;
1075 593 748 ;
1076 593 ;
1077 598 ;
1078 1067 793 1069 634 610 910 1032 1079 ;
1079 1078 610 ;
1080 968 612 1084 1131 ;
1081 612 ;
1082 612 ;
1083 612 ;
1084 612 1080 968 661 ;
1085 617 ;
1086 693 651 ;
1087 935 987 1132 658 ;
1088 658 1089 ;
1089 1088 658 ;
1090 663 921 ;
1091 664 ;
1092 671 ;
1093 680 ;
1094 694 ;
1095 699 878 ;
1096 701 1133 ;
1097 705 808 1024 ;
1098 847 1043 1039 1035 709 1112 706 848 849 ;
1099 714 ;
1100 958 724 ;
1101 757 ;
1102 765 ;
1103 768 ;
1104 771 ;
1105 1004 1067 1005 1070 1069 910 793 1066 ;
1106 802 ;
1107 824 ;
1108 834 ;
1109 836 ;
1110 836 ;
1111 836 ;
1112 855 995 868 869 1045 1098 ;
1113 865 859 ;
1114 870 ;
1115 874 ;
1116 884 ;
1117 890 ;
1118 898 ;
1119 919 ;
1120 930 ;
1121 931 ;
1122 960 ;
1123 997 979 ;
1124 981 ;
1125 998 ;
1126 1001 ;
1127 1009 ;
1128 1023 ;
1129 1053 ;
1130 1073 ;
1131 1080 ;
1132 1087 ;
1133 1096;

