0 1 2 3 4 5 6 7 8 9 10 11 12 13 14 15 16 17 18 19 20 21 22 23 24 25 26 27 28 29 30
1 17 31 12 15 9 23 32 33 21 0 34 2 8 19 35 6 5 7 36 10 3 37 18
2 38 20 39 12 1 0 6 7 33 27 22 40 41 42 8 10 3 17 18 43 15 44 45 5 19 26 21 46 47 48 49 11 50 51 52 53 54 55
3 56 57 58 0 59 45 60 2 61 62 63 64 65 66 10 67 68 69 70 1 21 71
4 0 5 72 73 12 74 75 76 77 78
5 0 4 1 6 27 12 33 79 80 15 17 81 26 82 7 2 83 84 85 86 21
6 5 0 87 2 88 21 18 89 15 90 91 1 92 93 27 12 94 95 96 97 98 99 9 75 14 8
7 100 2 21 5 101 27 1 0
8 2 21 102 12 103 40 23 1 0 20 104 15 105 106 9 29 6
9 0 107 1 6 108 8 33 109 110 111 15 112 23 69 113 114 115 29 116 117 118 119 120 121 122 123 124 125 126 127 128 129
10 0 130 72 44 131 2 132 133 134 21 135 19 18 17 136 3 137 26 1 24
11 138 139 0 140 141 83 142 143 144 145 2 146 147 148 149 150 151 152
12 8 1 153 0 154 5 155 2 23 156 27 21 157 15 17 158 13 68 44 105 75 6 152 4 159
13 0 12 14 160 161 162 163 122 32 23 164 165 33 166 123 167 109 168 169 170 171 172 173 79 135 111 174 175 106 176 177 178 15 179 180 181
14 75 182 183 184 185 186 123 32 187 188 189 167 13 33 0 190 92 22 6
15 191 0 1 6 5 2 8 12 107 23 9 192 122 193 194 33 195 196 197 198 29 126 199 76 104 200 201 202 203 204 205 206 207 208 209 32 210 211 212 213 214 215 55 216 13 217 218 219 128 220 221
16 0 114 23 33 222 223 224
17 24 38 25 225 22 1 37 0 226 20 2 10 5 26 12 18 21 227
18 228 229 37 230 19 26 6 69 0 136 10 231 185 119 81 232 233 234 17 235 1 236 237 2 238 239 40 85
19 232 0 227 80 49 240 40 241 10 105 242 42 243 18 2 1 21
20 244 8 245 39 24 45 40 2 53 246 247 46 248 17 249 250 222 251 252 0 22 49 253 104 254 209 213 205 54 156 255 106 90 238 256 257 258 58 259 38 102 103 260
21 5 2 26 0 1 17 8 12 3 37 6 7 31 10 19
22 2 261 17 262 239 263 37 264 265 226 53 181 133 134 24 42 245 44 0 266 267 38 142 268 269 270 20 271 45 43 41 272 79 195 254 273 274 275 49 276 277 278 96 279 202 229 280 14 281 282 283
23 107 8 284 12 1 0 108 285 16 181 9 33 175 286 287 262 288 114 289 166 13 69 15 290 118 291 123 57 29 167 32 115 292 293 173 294 109 119 120 295 296 111
24 17 25 226 20 22 38 10 0 286 264 297 298 299 300 61 301 125 59 302 237
25 17 24 0
26 94 18 237 303 234 69 185 231 229 2 17 10 37 0 304 85 5 274 21 305 306
27 5 33 2 232 181 12 6 7 307 308 0 279
28 309 310 311 312 313 146 314 315 0
29 0 8 316 317 318 319 320 321 322 323 48 324 15 325 177 23 9 33 195 326 327 217 199 210 193 200
30 328 44 329 258 250 103 330 201 156 331 332 333 53 334 335 244 336 337 338 339 240 0
31 21 340 1
32 14 1 13 33 23 15 119 168
33 307 2 5 107 27 1 14 341 15 9 23 342 32 29 13 181 54 69 16
34 1
35 1
36 1
37 18 343 344 50 17 269 236 230 232 345 346 274 22 347 240 253 26 348 349 350 21 351 1 329 352
38 20 353 45 24 226 51 104 17 249 312 41 244 239 245 42 2 354 22 355 356 313 331 357 106 40 44 264 49
39 358 53 54 335 20 267 353 292 359 45 360 55 361 362 363 48 2 46 41 364 354 104 156 57 202 365 366
40 353 352 20 86 367 244 261 259 357 8 133 269 53 368 249 369 370 209 193 49 2 371 134 245 331 102 19 50 372 61 47 45 373 105 93 374 237 375 376 333 246 377 378 354 18 46 38 190 234
41 302 379 380 104 381 371 270 2 382 383 384 385 386 355 387 38 388 49 389 390 313 391 103 244 332 392 331 43 393 377 394 395 39 396 336 354 397 353 44 133 334 156 398 399 337 400 83 401 22 402 403
42 2 268 45 404 19 281 38 22 229 239
43 340 405 406 407 331 408 409 385 41 410 411 2 134 51 382 412 22 413
44 10 414 398 72 30 332 415 354 416 417 38 250 2 418 22 226 41 419 420 12 49 421 53 190 422 361 423 348 424 132 258
45 3 58 398 42 20 71 61 39 57 38 2 425 353 63 56 372 70 413 40 68 80 65 426 281 427 428 67 22 350 240 429 245 430 51 431 47
46 432 20 39 336 2 40 103
47 295 40 2 331 433 366 45
48 53 75 184 268 343 2 240 91 302 39 327 205 434 54 292 435 104 115 389 436 127 360 78 200 273 316 320 326 29 437 438 212 201 439 324 321 440 55 441 362
49 258 367 51 227 19 80 240 353 442 443 190 244 41 323 366 337 20 270 40 2 38 313 44 403 332 22
50 37 444 445 104 55 446 353 352 53 447 448 367 40 277 365 2 449 337 256 450 339 268
51 38 451 452 227 240 80 350 268 181 127 49 453 332 132 364 339 253 43 454 455 145 456 361 366 457 156 334 247 134 45 2 315 458 401 286 459 412 460
52 71 2
53 186 123 86 182 39 353 188 267 453 345 20 75 48 40 328 330 184 461 22 50 377 462 332 463 315 464 30 2 190 465 466 44
54 39 2 20 467 359 33 104 258 316 48 468 323 200 55 127
55 50 469 334 250 391 331 39 470 2 359 363 326 471 288 206 201 195 472 211 212 389 54 292 48 200 127 15 193 436 104 132 473 209 76 213
56 61 3 57 474 64 475 476 477 478 479 58 45 281 68 425 71 480 63 65 372 481 482 483 484 419 485 230 486
57 56 3 71 45 58 63 65 68 487 61 425 281 372 191 285 39 350 392 488 66 489 490 254 438 491 492 23 205 493 123 106 494 111
58 45 63 65 70 68 281 56 61 425 71 57 429 495 496 3 497 255 20 498
59 484 24 3
60 469 63 3 243 499 67 131 500 484 501
61 56 502 62 45 57 63 503 58 3 372 340 504 370 139 184 144 266 149 202 71 70 40 65 24 475 66
62 426 3 61 505 506 507 149 70 508 475
63 484 61 64 58 67 45 89 60 505 281 3 509 68 56 71 57 482
64 56 63 482 67 484 281 509 429 89 476 474 3 510 511 512 475 480 513
65 315 514 367 3 68 70 281 56 61 425 71 58 57 45
66 429 515 484 285 3 281 61 237 57 489 490 516 517 518
67 469 499 484 64 509 429 89 63 281 519 60 510 45 68 3 372
68 443 505 58 12 520 521 522 523 524 63 65 45 56 425 71 57 67 3 525 526 431 508 89 527 361 465 348 218 528 499
69 529 18 3 232 26 107 238 443 329 81 530 116 279 23 9 168 354 181 491 531 494 169 33
70 507 45 62 232 58 3 426 65 428 133 61 532 510
71 533 52 57 58 45 425 534 535 61 536 3 368 506 284 537 68 499 538 510 539 281 56 338 454 352 395 540 65 372 541 267 350 139 422 63 509 355
72 44 419 10 375 542 132 4 543 466 269 446 527 259 544 545 88 377 412 421 546 547
73 232 133 253 4 548 465 503 549 286 550 551 193 205 195 127 504 552 185 100 553 554
74 555 556 353 557 151 558 467 559 4 266 147 560
75 182 14 186 184 552 83 561 188 395 266 146 116 104 315 53 268 48 562 563 564 565 189 566 567 466 149 465 461 232 185 568 123 340 569 79 118 570 4 571 12 572 6 351
76 419 146 4 573 15 322 55 195
77 332 182 112 180 175 161 196 4 160 574 119 120
78 575 127 48 132 135 321 200 4 335 104 399 576
79 183 577 268 5 578 579 75 580 581 22 115 84 400 399 576 104 175 582 126 273 583 193 360 119 13 160
80 227 133 584 49 51 5 451 240 585 154 45 586 332 19 453 459 553 587 307 259 93 242 404 203
81 233 305 232 69 179 18 5 268 236 93 404 181 380 274 175 112 300 519 588 459 276 200 587
82 589 387 5 238 142 242
83 75 353 140 142 331 11 145 590 5 149 139 572 41 152 151
84 397 591 5 592 79 211 127 218 593 197 594 214 192 290 327 221 204 400 129 326 517 595
85 428 596 597 377 232 94 26 453 5 18 93
86 53 182 133 566 5 40
87 6 91 598 203 218 599 517 600 192 593 197 258
88 453 463 92 601 6 602 603 72
89 6 426 67 484 281 64 509 429 604 605 606 63 506 607 395 425 68 603 608 609 284 602
90 610 255 232 6 611 268 612 368 613 614 443 20
91 48 615 6 616 617 200 283 618 156 87 619 573 258
92 620 453 601 88 6 188 602 14 621 622 623 624 464 625 626 190 627 117 628
93 629 98 80 265 630 375 631 230 6 350 456 136 40 605 632 232 567 236 130 597 596 85 81 240
94 26 453 85 6 631
95 375 6 611 99 633 609 456
96 6 22
97 634 597 635 6 626
98 93 134 601 6 188
99 6 597 95
100 7 264 195 270 636 581 403 131 467 637 73 127 553
101 338 7 369
102 638 40 245 20 613 8
103 153 41 30 332 8 20 134 500 403 127 46 200 217 639 326 104
104 41 50 75 39 20 8 332 38 544 334 182 330 419 577 413 235 467 377 226 273 438 399 389 209 445 640 199 213 203 15 195 79 205 127 641 642 643 595 644 645 197 646 283 128 54 48 202 258 115 647 103 212 290 204 55 217 648 649 650 502 250 320 78 201 360 200 471 216 436 215 306
105 537 587 424 8 12 651 652 451 653 654 655 267 414 656 457 657 133 136 40 357 19 658 338 659 660 661 662 663 390 466 664
106 8 665 666 251 38 20 181 127 199 205 262 195 57 667 216 13
107 33 119 9 295 23 69 15
108 23 9
109 116 531 568 13 118 9 668 181 23 123
110 9
111 332 270 178 9 23 669 164 279 670 162 119 167 354 113 13 169 180 57 166
112 133 81 671 175 9 180 77 123 161 167 531 119 162
113 9 668 568 116 178 111
114 453 672 9 23 16 223 667 224 286 254 673 366 674
115 469 675 676 343 677 268 467 104 592 126 127 273 79 647 445 304 389 204 678 438 193 48 214 9 23 212 434 641 205 209 213 306 200 288 679 680 203 197
116 75 134 184 123 69 568 118 109 166 9 681 132 160 113 531 119
117 682 516 92 440 628 9 204 683 468
118 75 123 168 9 23 668 116 109 568
119 232 107 18 331 684 79 116 568 531 165 177 167 164 9 23 181 668 173 175 168 169 160 111 171 162 77 178 180 562 112 32 296
120 177 162 168 77 562 165 173 164 171 167 23 9
121 428 544 685 330 328 542 251 686 687 289 354 688 9 286
122 13 15 9
123 53 75 182 14 175 116 118 554 112 13 9 23 689 568 109 57 690
124 691 136 428 328 366 286 181 9 254 692 693
125 24 683 9
126 646 115 273 593 694 15 695 9 79 207 445 218 648 647 198
127 51 302 136 428 73 230 242 100 205 320 106 78 48 193 324 292 323 104 679 216 438 181 115 434 273 195 84 55 103 54 304 206 9 288 200 696
128 640 199 104 642 15 9 316
129 467 671 697 193 9 326 400 204 698 436 84
130 10 134 610 133 296 699 700 584 329 154 535 701 459 702 233 613 93 480 136 703 676
131 243 312 469 60 546 100 500 10 637 616 330 258
132 72 10 474 564 133 281 51 233 212 44 78 116 445 55
133 584 105 86 130 134 154 226 73 80 337 480 704 40 705 690 585 22 350 662 367 376 132 239 447 139 417 313 706 112 371 606 10 70 41 707 444 486 708 253
134 195 393 523 10 605 130 709 386 710 310 22 40 51 43 339 597 585 116 567 430 133 711 503 396 544 466 712 713 456 147 366 479 692 183 154 714 226 331 98 103
135 611 564 10 301 715 575 716 717 312 532 212 78 681 13
136 710 661 451 237 242 268 127 181 93 18 584 137 553 238 375 453 587 412 124 320 213 10 361 229 442 519 419 232 458 331 105 130
137 136 229 239 10
138 146 11 145
139 146 147 141 149 11 145 83 298 266 353 503 142 299 348 718 71 151 331 328 648 395 719 572 720 504 144 148 721 313 311 312 61 332 133
140 353 83 11 722 718 141 145 151
141 142 353 151 139 11 722 648 590 403 140 146 147 149 145 723 442 312 503 354 331 577
142 722 139 146 141 238 11 145 724 83 725 632 503 331 412 726 395 590 380 727 22 728 729 589 410 298 82 409 275 730
143 558 731 386 732 11 733 363 555
144 370 415 330 734 145 735 266 61 240 572 184 11 236 353 149 371 139 151
145 141 370 572 139 138 146 144 353 149 83 331 184 736 140 147 504 11 148 361 315 142 238 51 427 228 151
146 151 138 139 75 313 28 182 149 145 737 238 572 506 738 142 141 353 76 11 719 395
147 139 205 572 363 141 145 134 718 11 377 74 151
148 266 720 736 370 572 139 184 504 149 11 145 151 691
149 151 353 145 62 75 572 240 539 146 139 141 11 83 182 61 148 242 403 144 577
150 240 11
151 148 141 146 149 738 266 370 734 558 299 556 145 242 736 74 572 139 739 140 740 147 184 144 722 11 741 83
152 395 742 12 743 411 744 745 746 355 589 747 590 83 11
153 12 103 217
154 376 236 134 676 12 361 444 345 130 414 585 343 133 417 584 374 377 80
155 268 686 12 701 661 267
156 334 740 30 39 245 91 331 332 41 51 20 748 12
157 749 750 660 751 390 752 394 12 753 182 754 648
158 755 433 12
159 756 757 758 12
160 189 119 182 184 13 583 77 116 79
161 77 583 13 112 175 195 326 196 400 698 296 197
162 632 350 759 488 13 120 321 119 111 112
163 270 172 166 13 167 321 164
164 238 171 173 13 166 119 120 163 111 562 165 167 296
165 181 491 164 167 360 177 13 119 120
166 236 23 116 164 13 531 163 111
167 14 236 165 164 163 562 321 13 690 112 531 111 23 119 120
168 118 69 13 119 120 32
169 13 69 111 489 119
170 500 13 583
171 296 164 562 13 119 120
172 163 13
173 164 13 119 120 23
174 13
175 81 389 583 23 123 161 112 180 79 219 196 195 760 181 77 13 197 119 326
176 583 181 13
177 243 119 120 29 165 13
178 111 119 279 668 13 113
179 81 13
180 343 548 313 77 112 175 196 111 119 13
181 136 230 27 233 81 240 236 51 22 23 276 761 531 33 295 124 119 562 69 175 127 286 176 165 762 291 106 109 13
182 566 186 53 763 699 624 383 358 146 188 392 380 714 340 149 723 725 77 366 190 75 550 14 764 565 601 603 157 104 160 765 189 86 123 184
183 14 184 268 79 571 188 190 578 134 205
184 183 370 558 144 299 741 415 572 14 145 48 75 328 353 53 363 182 61 388 735 766 568 116 330 577 266 148 151 189 160
185 579 602 26 548 75 18 710 14 73 767 428 638 637 413
186 465 182 14 53 75 566 765 395 588
187 768 659 454 587 769 653 466 770 561 771 14 662 577
188 453 75 53 190 772 463 92 183 182 622 601 621 577 773 14 98
189 14 184 160 566 565 572 182 75
190 183 188 453 463 182 315 14 44 53 621 49 92 40
191 697 774 15 775 247 502 445 205 57 287 223 322
192 362 327 360 591 221 214 593 400 195 774 15 517 87 599 600 598 211 445 218 203 84
193 40 704 73 195 209 292 127 15 115 129 262 648 324 438 360 389 55 316 203 79 29 399 776
194 15 693 777 254 674 488 670
195 268 332 100 134 73 236 22 677 598 219 778 273 193 29 200 76 389 175 196 203 779 262 15 316 472 55 288 471 211 326 206 127 690 776 438 213 780 106 445 360 209 363 161 104 694 217 192
196 195 203 15 326 781 77 219 175 389 180 288 161 779 211
197 774 511 84 221 204 104 214 628 326 206 400 583 161 646 440 211 15 593 203 694 175 205 115 782 87 779 697 218 641
198 783 784 288 686 724 285 15 362 785 214 220 779 215 648 217 126
199 104 218 640 644 595 128 645 641 786 642 270 646 544 469 332 15 691 787 106 616 283 258 29 204
200 257 334 91 81 232 649 201 55 48 15 103 78 205 360 104 437 115 290 273 195 292 217 54 324 473 335 127 29
201 257 334 250 398 347 30 585 200 55 15 213 48 104 320 473
202 290 502 370 104 415 572 15 331 262 788 39 61 205 22 322
203 232 271 334 377 80 389 195 216 789 197 104 292 204 360 196 250 210 209 437 192 208 273 15 206 87 593 790 215 262 193 212 290 217 445 115 502 213 327 471
204 400 445 216 211 218 115 207 593 647 791 197 129 84 221 203 210 15 335 782 117 389 215 206 288 290 209 697 273 104 214 199
205 147 73 191 20 183 694 104 213 262 106 48 127 209 321 214 221 445 57 438 15 197 326 399 115 212 360 202 200
206 55 212 195 389 472 211 15 197 203 363 628 127 204 215 697 326
207 467 791 218 211 445 15 273 126 204 647 342 595
208 403 15 203 214 595 217
209 40 403 671 675 424 20 232 104 205 193 273 203 438 445 195 15 321 360 115 399 55 213 204 697 641
210 577 203 211 218 204 400 288 697 791 679 780 15 214 29
211 792 221 210 400 192 559 218 84 214 212 204 697 440 197 206 207 793 327 791 215 471 55 195 794 15 326 196
212 365 676 285 792 135 471 436 115 132 211 206 55 48 283 363 15 205 795 796 104 306 473 203
213 687 691 242 136 428 20 55 292 209 201 205 360 195 104 437 115 262 203 502 649 273 15
214 591 288 115 218 197 211 215 208 362 220 198 779 641 785 84 221 400 204 697 210 217 205 192 15 517 593
215 779 203 598 218 288 214 211 389 438 198 220 641 785 217 15 695 206 204 104 797
216 544 774 242 500 127 220 203 292 106 204 104 15 793
217 798 153 577 215 362 198 208 779 214 598 29 200 273 628 334 103 531 104 438 15 195 203 639
218 400 204 724 199 697 214 694 15 211 84 471 591 207 649 210 791 215 799 221 87 594 192 695 68 691 800 288 789 197 126
219 389 196 195 175 801 15
220 554 598 785 216 214 362 198 779 288 215 646 15
221 591 741 802 211 803 197 84 205 204 192 593 214 218 15
222 548 20 677 494 804 16
223 191 494 805 354 114 673 16 674
224 114 805 16
225 17 527
226 38 22 806 133 531 17 44 323 24 409 577 517 377 367 104 134
227 807 49 80 398 19 240 17 403 339 51 270 313
228 18 453 145
229 22 18 297 442 774 808 136 238 137 26 612 239 232 42
230 239 93 181 127 242 253 809 37 345 18 333 56
231 18 26
232 209 237 443 19 281 691 242 253 119 203 70 93 90 27 73 810 81 305 811 238 812 85 69 304 813 533 18 136 37 814 75 632 659 589 438 815 377 584 710 229 239 606 234 254 200
233 81 18 132 181 816 130 375
234 540 661 304 40 26 567 232 18 414 451 457 455 817 256
235 18 104
236 818 339 315 704 37 304 584 81 630 18 632 819 181 701 268 706 623 443 820 93 463 144 195 821 531 502 167 354 166 154
237 26 708 563 452 822 427 823 18 512 136 459 66 40 232 486 446 24
238 589 503 242 229 433 146 145 142 136 232 305 811 824 812 69 329 82 18 20 164 590
239 442 825 775 443 439 230 42 38 404 232 22 133 137 229 247 305 18
240 51 80 339 227 93 483 181 465 149 242 19 366 48 455 414 315 826 144 37 451 474 268 49 587 584 45 150 30 391
241 827 19 417 577
242 395 232 430 828 829 302 825 331 80 590 151 830 213 230 240 136 238 632 372 19 587 216 451 82 149 503 127
243 131 377 831 60 19 469 500 177
244 20 38 353 334 245 249 41 247 40 49 30
245 244 38 361 20 398 584 156 45 249 40 22 102
246 20 40
247 330 774 378 391 51 442 832 808 833 511 244 239 554 191 20
248 20 305
249 366 686 244 251 428 245 20 701 40 38 283
250 332 44 419 30 203 20 257 330 436 334 104 201 55 834
251 249 320 121 710 305 20 106 432
252 20
253 230 676 232 809 584 333 73 337 51 37 345 258 268 20 133
254 332 232 20 22 835 366 836 837 194 488 124 57 838 693 276 354 114 286
255 268 613 571 90 611 715 498 658 768 58 839 20 840 841
256 234 457 353 315 659 842 567 843 368 20 50 422
257 347 250 200 201 20
258 30 49 671 20 131 44 665 332 253 199 91 419 54 471 104 87 292 304
259 80 417 717 844 845 754 72 40 20 457
260 20
261 22 40 376 367
262 22 438 213 193 195 205 23 287 202 203 502 445 106
263 22 846 847 446 848 563
264 100 22 306 271 849 38 283 24
265 93 597 375 22
266 151 139 850 556 709 851 572 555 299 502 22 718 61 184 144 340 74 75 148
267 424 315 367 53 39 658 656 368 766 451 364 353 357 662 394 22 361 105 852 414 71 155 567 339
268 90 195 79 115 75 710 48 136 42 81 51 155 183 701 853 854 255 236 240 22 613 700 253 587 50
269 584 814 350 855 40 37 619 72 856 828 398 22 377 815 631 857
270 858 859 860 391 332 749 403 433 49 227 41 355 354 199 22 111 371 313 397 100 835 163
271 203 264 22
272 500 22 861 688 354
273 469 22 115 593 195 445 104 207 126 694 204 79 436 389 203 48 217 127 209 592 326 200 862 438 213 381
274 414 863 450 377 37 278 81 457 352 22 26
275 755 858 387 142 864 412 590 392 457 298 865 332 413 22
276 22 81 181 693 322 866 254
277 846 823 867 553 563 868 50 869 870 847 22
278 871 567 414 653 597 416 274 371 22 450
279 371 27 22 391 69 111 531 178 670 693
280 338 22
281 66 42 56 67 484 64 509 429 89 232 63 65 425 71 58 57 426 443 132 45 22
282 22 494 354
283 728 590 685 724 433 541 392 542 22 428 328 249 91 264 419 104 199 212
284 539 484 23 71 505 499 89 507
285 57 66 23 198 212 288
286 24 872 51 564 345 73 124 114 873 294 874 181 366 875 876 877 878 121 23 488 838 254
287 191 23 262
288 285 23 583 400 214 779 198 215 780 55 196 220 785 127 218 115 326 204 210 195
289 121 670 354 692 23 879 836 693 837 494 667
290 445 591 104 335 203 84 23 321 724 200 546 202 204
291 181 23
292 39 413 48 127 203 213 216 200 258 23 193 55 782
293 23
294 494 874 286 23
295 47 307 107 181 23 880
296 881 130 698 171 440 583 161 876 119 23 164
297 428 24 589 229 442 882 883
298 755 725 430 139 541 397 729 331 392 395 589 275 551 884 885 409 787 433 570 886 887 388 883 728 724 315 428 24 385 408 332 142 503
299 572 184 391 139 544 266 24 151 370 687 413
300 481 24 81 848 846 330
301 135 24 810
302 379 340 41 467 381 888 242 383 384 386 889 890 321 891 127 892 392 893 894 382 380 385 895 24 438 48
303 26 896 328
304 234 236 232 26 307 675 329 728 392 519 115 306 127 437 258
305 310 239 248 686 897 898 899 232 238 251 748 81 26
306 900 264 26 304 437 115 212 104 434
307 33 295 760 338 657 377 455 27 843 816 304 357 533 457 424 540 880 550 451 80
308 412 478 27
309 901 28 310 902 311
310 311 28 305 309 134 328 313 898
311 903 904 28 310 905 554 906 859 309 907 139 328
312 794 314 403 396 711 908 38 909 456 28 910 349 131 710 141 139 377 135 764 717
313 457 901 146 911 526 310 133 41 522 465 139 49 28 38 180 557 437 270 227
314 28 794 312 456 610 347 395 711 467
315 367 338 236 267 353 240 75 912 51 348 826 414 494 145 531 190 913 514 28 377 53 256 298 561 65 408 357 706 661
316 29 195 598 48 779 128 54 321 193 320
317 29
318 29 914
319 696 29 322 325 516 320
320 915 136 691 428 251 127 48 362 696 323 319 321 316 441 322 324 29 434 104 201
321 302 567 441 916 290 78 29 399 316 162 209 205 445 437 914 167 163 48 389 324 438 320 335
322 191 29 319 202 76 696 276 639 320 325
323 49 226 371 665 127 29 324 54 320
324 127 48 323 321 327 362 29 200 320 193
325 29 917 319 628 322 680
326 591 577 48 197 583 55 288 389 206 273 628 211 129 400 84 594 161 205 175 195 779 103 196 29
327 211 192 362 324 29 48 84 203
328 30 332 310 580 672 419 53 184 139 414 283 432 121 330 542 334 354 124 311 541 383 331 303
329 374 30 238 880 377 584 130 918 710 304 69 37
330 332 419 30 247 131 338 121 53 328 563 300 335 432 104 422 542 184 774 383 826 144 250
331 145 411 43 430 392 242 590 83 298 406 503 382 729 385 395 723 388 919 433 542 55 142 41 40 139 904 141 47 328 156 30 202 119 38 136 380 894 892 134
332 195 41 335 328 531 330 542 44 544 419 371 254 657 573 860 920 77 433 250 389 557 869 104 640 111 53 334 921 30 336 363 469 563 258 199 51 380 512 298 383 80 275 465 742 456 409 139 49 270 156 103 488
333 922 353 367 809 253 611 923 607 456 375 230 924 40 633 30
334 328 542 156 332 55 419 30 104 649 201 531 244 925 41 51 203 200 217 250
335 39 332 330 30 907 619 290 204 78 468 321 200
336 926 332 41 382 432 46 30 408 355 467 777 502
337 133 353 50 602 637 49 253 586 41 660 30 428
338 927 553 339 315 353 760 928 307 280 929 330 343 564 71 930 101 544 931 30 367 483 575 932 105
339 236 338 933 353 227 657 240 934 134 361 30 51 364 845 267 760 50
340 31 383 43 935 302 888 895 890 891 735 384 392 936 415 182 61 356 572 907 266 379 889 570 937 363 577 75 381 883 412 511 388 370
341 33 880
342 33 445 399 207 697
343 676 488 180 567 659 338 540 938 115 563 465 414 37 154 48 548
344 349 37
345 154 417 398 550 367 374 37 286 230 253 53
346 589 939 940 941 355 37 942 742 943 745 944 945 747
347 257 37 444 610 314 201 584
348 139 946 522 37 315 44 68 361
349 947 344 312 710 948 365 37
350 631 269 726 133 93 704 71 57 367 686 51 37 828 553 45 869 843 162
351 659 587 949 466 561 454 768 655 950 653 951 952 37 75
352 537 37 40 567 500 274 50 953 71 577 391 840
353 83 145 184 337 53 315 40 139 355 38 141 414 367 74 149 929 49 398 39 45 146 572 858 339 333 766 244 41 370 267 140 504 256 338 144 364 719 357 954 50
354 356 355 38 955 665 956 44 957 141 270 41 39 328 500 236 40 391 467 401 289 488 494 693 692 366 415 254 272 531 690 121 958 837 69 223 667 670 282 111 873
355 590 353 542 406 724 388 589 944 723 743 41 398 585 945 959 746 960 744 467 391 270 409 904 469 354 152 749 38 336 551 413 346 71
356 354 340 888 382 415 890 38 895
357 451 40 368 920 353 267 377 749 514 105 307 768 706 315 961 38 424 547
358 39 520 182 710 764
359 39 54 471 55 360
360 39 203 192 165 48 195 200 193 795 359 213 104 209 399 435 79 205
361 39 339 154 348 145 245 136 267 465 68 962 522 431 543 44 51
362 39 48 785 220 440 198 327 214 217 324 320 192
363 39 147 184 340 332 143 55 471 206 212 195
364 51 766 953 339 368 39 267 353 961
365 212 50 39 349
366 687 249 686 182 134 49 240 51 671 47 766 467 39 469 674 354 963 494 964 254 286 531 837 488 965 692 124 114 878
367 267 65 40 368 353 961 391 863 261 315 659 371 49 952 350 133 50 414 928 345 333 338 226
368 367 357 90 40 267 256 364 953 451 71 578
369 40 394 871 101 608 416
370 144 415 151 184 502 353 735 299 40 145 148 61 340 202
371 41 279 367 537 377 466 278 323 332 133 40 270 729 144
372 703 57 40 45 242 56 61 71 428 67
373 40
374 390 329 40 154 345
375 265 453 611 416 607 966 633 967 609 333 733 968 396 969 420 629 402 970 605 456 871 95 136 428 93 377 40 233 72
376 971 154 584 444 428 40 133 881 261 972
377 329 243 307 53 232 72 752 453 371 41 660 390 85 312 357 584 647 315 412 587 375 147 973 274 389 974 712 388 466 40 226 269 203 749 661 104 154
378 832 808 658 40 247
379 384 783 380 41 302 340 381 975 386
380 302 392 503 41 383 379 142 182 386 382 381 384 889 590 729 331 385 783 412 81 332 551 891
381 302 41 386 783 935 383 384 382 380 385 379 976 889 577 340 592 273
382 41 331 383 381 302 380 385 386 336 356 503 43 883
383 41 340 891 384 302 382 380 385 392 937 386 783 328 408 182 381 895 542 330 406 795 332 577 890
384 381 889 379 725 302 340 385 783 380 392 41 386 383 895
385 41 380 43 384 382 729 381 298 383 503 302 331 386
386 379 383 381 380 384 302 382 385 937 41 143 134 590
387 403 275 858 41 889 82 957 832 590 395
388 298 725 433 409 808 883 412 632 184 787 41 430 728 395 355 377 723 331 977 884 541 885 755 551 570 886 887 340
389 41 724 377 332 219 196 321 48 195 104 175 115 326 206 801 445 215 785 203 55 583 273 780 193 204
390 374 751 656 157 41 377 457 417 978 834 105 839
391 979 270 537 55 279 240 247 299 901 355 367 952 41 845 352 354
392 302 503 331 891 729 894 892 980 384 340 41 380 919 893 975 981 982 275 438 283 182 442 383 57 298 304
393 134 41
394 157 660 752 369 751 766 41 267 983 845
395 744 943 411 142 298 742 433 755 503 139 242 551 409 984 985 957 889 570 314 89 41 387 388 723 465 942 746 331 186 541 152 747 71 146 891 75
396 312 456 420 41 134 375 467
397 84 975 755 941 957 298 41 270
398 839 353 41 959 571 355 201 44 269 45 345 245 700 227
399 41 360 104 573 580 321 79 78 193 205 342 209
400 41 218 986 129 698 583 204 211 192 435 697 79 197 326 214 801 288 210 84 440 161 797
401 51 987 656 433 41 904 988 354
402 577 696 375 544 41 967 467
403 312 387 572 208 103 433 270 209 227 141 676 100 49 149 41 989
404 80 239 428 81 42
405 730 406 43 407
406 407 331 405 410 990 355 409 43 774 551 383 729 991
407 405 406 903 730 408 907 43 645 774 724
408 891 383 430 590 704 725 407 298 409 410 43 433 728 858 315 336
409 725 891 992 388 433 412 298 355 395 787 542 410 541 936 406 430 408 43 226 142 332
410 142 406 408 409 43 539 551 772
411 589 942 742 395 744 43 551 152 412 331 725 723
412 982 883 308 142 380 409 340 43 275 589 411 723 551 388 136 72 377 51
413 299 45 748 275 185 43 292 355 104 433
414 913 315 826 651 240 105 661 353 343 548 234 451 506 274 328 367 537 278 534 704 154 567 267 44
415 370 184 144 356 340 850 572 44 354 202
416 871 44 369 749 278 375 456 611
417 259 993 483 604 390 994 133 522 345 44 154 241 754
418 847 485 807 563 512 459 44
419 328 330 332 250 76 72 542 573 258 334 136 104 56 44 774 283
420 396 44 375 608
421 823 956 44 995 72 553 563 446
422 996 659 256 71 44 330
423 44
424 267 105 658 357 307 209 839 928 429 816 44
425 57 58 89 45 65 68 281 56 71
426 89 507 62 506 997 508 907 475 863 281 45 998 70 499 867 999 516
427 237 45 145
428 453 121 897 297 85 883 283 298 1000 553 459 918 249 124 376 542 816 774 213 404 320 127 70 519 375 45 185 545 631 372 1001 337
429 66 496 281 499 58 498 424 67 484 64 509 89 45
430 755 298 408 903 134 331 242 388 891 409 45 1002
431 931 962 906 1003 1004 859 609 361 821 45 68
432 251 686 542 330 336 328 926 46 801
433 885 570 886 388 787 725 541 992 884 551 298 755 887 883 409 158 332 403 270 728 283 747 238 395 401 331 635 539 408 723 467 47 686 413 503
434 690 306 115 48 320 127
435 48 360 400
436 48 273 250 104 438 129 212 55
437 728 203 200 500 724 48 321 213 313 551 304 306
438 392 232 1005 302 104 649 205 57 193 436 127 209 215 115 262 195 321 217 273 48
439 239 443 48 639
440 881 362 296 211 698 697 117 516 805 583 400 48 197
441 321 48 320
442 808 239 141 229 774 833 297 748 136 392 443 247 503 49 538
443 281 232 68 239 236 442 90 49 69 439
444 347 154 376 585 450 587 50 460 447 133 567
445 50 191 467 205 273 115 694 207 389 914 104 204 593 640 209 321 192 132 126 290 342 203 195 262
446 263 823 483 50 72 563 995 481 1006 421 476 237 474 815
447 444 133 50
448 50 455
449 458 730 50
450 506 444 274 771 278 499 949 1007 661 537 50 835
451 687 656 267 414 653 51 1008 454 1009 357 514 1010 105 913 651 80 368 234 655 662 240 136 587 307 661 242 455
452 483 51 237 563 686
453 188 622 92 820 1011 53 88 623 624 602 1012 621 620 190 1013 428 114 603 375 136 85 377 703 463 228 94 51 597 707 80 577
454 587 653 71 514 659 51 351 187 451
455 307 240 448 1008 816 760 234 451 51
456 312 375 314 396 416 333 922 93 134 51 332 467 95
457 1014 1000 313 1015 602 256 706 547 631 275 390 839 51 105 307 274 234 259
458 1016 699 1017 979 1018 700 839 136 51 841 449
459 756 532 563 418 553 1019 994 470 512 483 1020 485 847 1021 921 1022 476 1023 1024 486 1025 1026 130 237 428 1001 81 51 80
460 51 444 631
461 989 1008 1027 53 75 817
462 53
463 820 623 773 625 602 190 88 188 453 53 1028 624 1012 236
464 92 601 53 544
465 186 343 68 764 53 710 75 240 313 361 73 395 548 522 332 637 1029 1030
466 659 587 769 351 768 653 951 187 818 105 467 548 75 72 134 469 371 377 1009 53
467 302 207 466 355 74 100 1031 433 129 931 366 648 115 104 336 354 314 396 1032 456 911 488 835 402 557 964 572 54 445 551
468 335 54 117
469 499 67 809 332 355 55 115 243 500 273 60 131 520 466 199 835 366
470 512 756 807 55 847 459 1033 544
471 359 363 212 203 211 195 218 258 695 55 104
472 206 195 55
473 55 201 200 212
474 132 708 64 446 1019 1034 1006 240 848 553 56 482
475 426 869 479 484 56 64 507 61 756 62
476 459 995 64 482 932 1019 994 1035 56 446 485
477 56 563
478 56 479 1036 956 553 308 480 848 563
479 56 478 1036 956 134 482 810 475 995 874 674
480 133 56 708 1037 486 662 705 690 563 64 846 1038 553 130 478
481 446 867 848 56 300 994
482 1039 476 486 490 521 1040 496 606 708 483 1041 1007 563 498 1034 1042 1021 485 994 479 868 56 64 63 474
483 446 485 452 417 482 708 563 994 548 56 459 869 870 1023 338 240
484 89 56 63 284 67 509 64 429 66 281 475 604 59 60 507
485 476 564 756 459 921 482 1019 994 512 483 847 1022 418 1035 56
486 133 563 756 1025 480 482 459 1043 237 1044 56
487 57
488 343 332 467 494 162 366 57 873 254 693 674 194 688 354 877 286 1045
489 66 490 57 169
490 496 482 606 521 1040 631 489 516 57 66
491 57 69 165
492 57
493 57
494 315 223 354 222 805 294 873 488 688 366 282 1046 874 667 877 693 69 57 289
495 58 978
496 490 429 606 482 1040 58
497 1047 763 699 978 498 58
498 482 429 1000 1048 255 497 700 58
499 67 469 606 538 429 505 450 536 71 60 506 561 729 426 284 68 507
500 352 659 272 642 131 469 243 354 170 637 820 437 548 216 60 817 103
501 60
502 104 61 370 504 572 202 650 213 203 262 266 236 336 191
503 73 380 1049 238 442 729 392 61 892 891 139 142 980 382 331 385 919 395 433 141 723 725 894 134 832 548 242 298 551
504 353 735 502 139 145 572 740 73 148 61
505 68 524 508 62 499 63 284
506 146 71 426 508 62 889 606 450 561 539 414 499 89 516 998 941
507 426 510 754 475 484 62 606 717 284 508 70 499
508 426 520 505 1049 506 507 711 68 62
509 281 63 67 64 429 89 484 71
510 507 64 67 71 70
511 697 907 903 1050 888 774 808 64 833 340 247 895 832 197 991
512 847 807 470 756 459 332 1033 237 64 563 485 418
513 1051 64
514 65 315 454 451 357 770
515 66
516 426 506 117 440 490 66 319
517 591 226 593 192 599 600 84 87 598 531 214 66 835
518 66
519 67 428 136 81 304
520 508 764 358 68 710 577 1015 469 528
521 482 606 490 68
522 68 821 348 1052 764 361 527 313 417 569 465 545
523 134 68 577
524 68 505
525 68
526 901 528 313 557 911 68 1053
527 72 764 821 522 548 225 68
528 557 520 902 526 68
529 69 949
530 69 880
531 332 704 315 226 334 236 686 1054 181 830 109 279 679 366 112 69 166 217 116 119 167 517 354 653
532 459 756 611 70 135
533 71 232 307
534 71 1055 414
535 71 130
536 71 499
537 352 371 71 450 414 949 1056 391 105
538 499 442 71
539 284 71 506 149 433 410
540 234 343 71 548 307 1008
541 283 755 388 724 433 725 551 298 728 409 887 832 71 395 885 328
542 557 616 72 355 580 419 720 332 334 121 432 686 331 428 328 330 383 283 409 1033 708
543 72 361
544 580 121 708 199 299 104 72 332 720 640 216 134 470 402 338 464
545 522 1052 428 1057 72 568
546 131 72 290
547 357 457 72
548 73 185 830 567 465 180 466 414 563 540 659 503 222 527 1058 483 550 764 815 343 500
549 73
550 764 182 73 548 345 307
551 725 467 433 884 541 885 755 787 570 886 887 388 298 728 724 412 729 589 406 503 355 380 395 410 73 411 437 883
552 75 567 1059 662 73 1060 852
553 868 927 848 1061 1006 478 564 708 823 867 563 421 474 277 136 459 428 338 480 350 73 100 80
554 220 311 859 247 832 686 1062 1008 774 591 833 73 123
555 74 572 266 143
556 151 572 74 720 266 719
557 911 902 542 1053 313 901 528 526 74 332 467
558 184 151 74 143 740
559 74 1063 211
560 911 901 1053 1064 859 1065 74
561 587 653 506 499 659 567 315 187 768 75 676 577 351
562 75 181 171 164 167 119 120
563 995 868 553 459 994 452 548 761 343 867 823 848 577 237 847 277 483 708 332 75 330 446 956 418 477 486 807 480 263 478 421 482 659 512 1025
564 135 485 815 338 553 132 286 75 823 1037
565 182 566 75 881 189
566 182 186 565 189 75 86
567 352 655 278 134 343 75 552 548 256 597 1060 561 234 93 414 321 659 953 267 444
568 75 184 545 118 668 123 116 113 109 119
569 522 75
570 340 594 887 884 885 787 551 755 433 298 886 725 388 395 75
571 75 611 398 959 979 183 255 658
572 145 139 299 266 184 144 502 556 403 83 353 415 189 146 147 504 149 709 340 850 202 555 75 148 151 467
573 332 419 91 76 399
574 77
575 135 338 78
576 78 79
577 141 79 1066 1067 610 402 1068 670 523 655 381 1069 210 520 188 602 184 603 149 658 340 1070 326 352 810 226 865 890 241 217 561 187 563 104 383 714 453
578 79 368 183 843
579 79 185
580 685 544 542 328 399 79
581 79 100 756
582 79
583 288 161 326 197 400 160 175 805 296 779 176 170 698 440 79 389
584 662 236 269 377 376 80 347 136 676 705 154 690 253 982 699 133 130 245 240 232 329
585 355 444 133 134 80 201 154 882 637
586 1030 80 337 1071
587 81 951 105 454 653 952 769 768 655 659 351 950 654 466 561 187 818 771 1072 136 444 242 240 953 377 451 268 686 80
588 661 186 81
589 939 355 411 742 746 944 743 960 945 747 723 590 346 152 238 755 82 412 232 298 551 142 729 297
590 283 141 723 944 380 408 238 275 83 725 589 142 743 387 331 242 355 152 724 742 386 745
591 1073 221 594 290 649 192 214 593 84 326 894 554 724 517 218
592 1074 744 115 1075 381 84 694 273
593 591 192 273 599 87 517 84 197 647 203 598 600 204 445 221 214 126 694
594 591 570 724 84 218 326
595 104 208 199 84 207 741 785
596 85 93 597
597 85 707 1031 93 714 278 134 924 620 1076 596 567 97 653 1061 622 740 952 99 602 453 265
598 195 215 87 316 220 785 517 593 192 600 217 779
599 741 724 192 517 593 87 964
600 1045 517 593 87 598 192
601 92 88 464 98 622 188 621 182
602 453 92 620 854 457 88 577 740 597 629 337 89 185 463
603 620 182 89 88 453 577
604 89 417 484
605 134 93 871 375 89
606 506 133 521 482 1040 496 490 89 507 232 499
607 923 633 984 375 333 89
608 420 369 871 89
609 431 821 1077 966 95 611 1078 89 375
610 90 130 577 314 347 1000 613
611 967 375 1079 95 571 1080 135 984 609 922 333 1081 1082 416 1083 255 532 90
612 229 90 1018
613 853 255 90 699 130 268 610 102
614 90
615 91
616 542 91 1084 131 199
617 91
618 91
619 269 91 335
620 603 736 453 597 92 602
621 622 453 190 1012 601 188 92
622 92 601 453 188 597 621
623 453 463 236 820 92
624 182 453 676 463 92
625 92 463
626 92 635 97
627 92
628 682 197 639 117 217 206 92 326 325
629 93 871 375 602
630 93 236
631 350 457 93 94 460 428 490 269
632 162 93 388 729 858 236 232 142 242
633 607 984 923 95 871 968 1077 333 375
634 97
635 736 626 97 1013 433
636 100
637 676 131 500 100 185 465 337 585
638 102 185
639 628 322 103 439 217
640 199 104 642 128 641 645 644 332 544 445
641 104 199 642 640 115 215 214 197 209
642 640 500 104 199 644 128 641
643 104
644 640 199 104 642
645 407 199 104 640
646 126 104 786 782 197 785 220 199
647 377 791 115 593 207 204 126 694 104
648 659 141 139 157 772 467 782 104 198 126 193
649 591 774 334 218 200 695 697 213 104 438
650 502 1085 104
651 414 451 105
652 852 105
653 659 454 587 769 351 768 655 466 561 187 771 451 105 597 278 531
654 587 105
655 567 653 587 577 105 451 768 952 351
656 824 401 390 978 845 660 267 105 451 751
657 332 934 1086 1087 986 105 1088 339 307
658 852 424 267 378 571 577 105 255
659 454 587 351 768 653 466 561 187 771 343 500 648 1059 256 367 422 961 232 663 548 567 563 105 676
660 753 157 1083 751 703 983 105 656 337 394 377
661 414 315 450 714 588 136 234 451 155 105 377
662 584 480 705 690 105 552 1089 267 451 133 187
663 659 1090 105
664 989 105
665 106 354 323 258
666 106
667 114 354 289 494 106 879 693
668 178 113 118 568 119 109
669 111
670 577 835 111 354 194 289 279 777 1091
671 129 366 112 209 258
672 328 114
673 223 114
674 366 874 479 1046 194 693 488 223 114
675 304 115 209
676 343 253 154 584 212 115 403 130 637 659 624 561
677 222 115 195
678 115
679 1092 127 210 531 115
680 325 115
681 135 116
682 628 117
683 125 117
684 119
685 121 580 283
686 366 305 554 1006 432 249 703 121 702 350 198 542 691 587 531 155 697 1066 1000 452 433
687 299 366 451 883 121 213
688 121 494 272 488 693
689 123
690 974 705 662 133 584 852 480 195 167 354 434 123
691 320 232 883 213 124 148 199 218 686
692 134 1085 354 289 124 366
693 1093 488 354 494 289 254 688 674 276 194 279 667 124
694 695 218 205 592 445 126 197 273 647 195 593 785
695 694 126 649 215 471 218
696 402 774 319 789 320 322 127
697 511 191 400 210 129 197 789 796 211 214 206 649 218 800 686 440 342 204 209
698 440 129 161 583 296 1094 400 805 986 878
699 182 839 458 130 584 497 613
700 398 458 130 839 1095 268 498
701 236 268 249 130 155
702 782 686 130
703 686 453 774 660 372 130
704 236 414 408 531 193 995 1096 133 350
705 480 662 690 993 584 133 846 1097 1042 1037 1038 754
706 852 1009 824 457 953 315 236 357 133
707 597 133 453
708 544 133 480 815 1037 1034 482 483 474 1097 237 563 848 553 542
709 572 266 720 850 134 732 731
710 136 358 251 268 312 185 860 1049 520 349 465 134 329 232 899
711 134 794 312 314 508
712 134 377
713 1098 134 987
714 661 182 949 597 134 577
715 255 135
716 135
717 811 259 507 135 312
718 907 139 266 147 140
719 556 139 353 146
720 148 542 556 544 139 709
721 139
722 141 736 140 151 142
723 944 743 590 182 939 503 331 433 388 746 412 355 589 985 1099 957 395 940 745 945 411 141
724 725 218 355 290 591 728 594 797 198 437 599 283 786 142 590 729 541 551 298 389 407
725 728 724 433 182 551 541 388 298 384 409 977 884 885 755 787 570 886 887 503 590 408 142 411
726 142 350
727 730 991 1002 975 142
728 433 724 541 283 551 437 725 388 298 142 408 858 304
729 392 755 406 982 385 944 632 724 298 503 589 981 551 499 331 380 142 980 371
730 973 727 1002 405 407 991 449 142
731 143 709
732 143 709
733 820 375 143
734 151 144
735 370 184 504 936 144 340
736 620 722 151 635 145 148
737 146 792
738 151 146
739 151
740 156 597 602 504 151 558
741 184 221 151 964 595 599
742 747 944 152 395 589 943 745 332 411 346 590
743 745 944 744 355 589 152 782 723 590 747
744 411 939 743 747 944 152 355 745 395 592
745 944 743 744 590 742 346 747 152 723
746 589 355 395 723 152
747 745 743 939 742 346 744 395 433 1074 152 589
748 305 413 156 442
749 270 357 871 416 355 157 377
750 157
751 656 157 660 390 394
752 394 753 157 377
753 811 157 752 660
754 507 157 259 417 705
755 433 275 729 430 589 298 541 884 885 787 551 570 725 886 887 388 397 395 774 158
756 459 1044 159 470 1026 807 512 485 1100 1019 532 1024 847 486 1025 581 475
757 159
758 159
759 162
760 455 934 338 339 929 307 175
761 563 181
762 181
763 182 497 1047
764 520 465 794 522 821 550 527 1101 182 1052 358 548 312
765 182 186 773
766 364 267 184 366 394 353
767 1102 185
768 187 769 466 952 659 587 351 655 653 561 357 255
769 818 653 587 974 768 466 187 1072
770 514 1103 952 187
771 187 587 653 450 659 818
772 975 188 410 648
773 895 188 463 765
774 832 247 703 649 330 191 883 192 442 808 511 554 833 428 755 197 216 229 407 406 419 696
775 239 191
776 195 193
777 336 194 670
778 195
779 316 215 198 583 195 197 288 598 220 214 785 217 196 326
780 389 195 210 288
781 196
782 702 743 292 204 648 646 197 785
783 889 935 884 379 894 381 384 380 890 383 198
784 198
785 220 362 214 598 198 779 288 215 595 646 782 389 694
786 724 646 199
787 433 884 885 755 570 886 887 551 199 388 409 725 298
788 202
789 697 696 203 218
790 203
791 647 211 218 207 210 204
792 1066 1068 1004 1104 1077 211 212 737
793 808 211 216
794 314 711 764 312 1065 902 211
795 383 212 360
796 697 212
797 724 215 400
798 217 925
799 218
800 697 218
801 432 400 389 1105 219
802 221
803 221
804 222
805 223 494 698 224 583 440
806 849 226
807 470 512 227 1096 563 847 756 1033 418 1022
808 442 247 774 832 833 378 511 388 229 793
809 469 253 333 230
810 232 1036 301 479 956 577
811 753 717 845 232 238
812 232 238
813 232 824
814 269 232
815 848 846 446 548 822 232 564 269 708
816 428 233 307 455 424
817 989 461 500 234
818 769 952 1057 951 466 771 587 236
819 852 236
820 733 463 500 236 453 623
821 764 609 431 522 1052 527 236
822 237 815
823 564 1035 421 553 237 563 869 867 446 277 1106
824 706 238 656 813
825 239 242
826 414 315 240 330
827 241 1061
828 269 242 350
829 242
830 548 242 975 531
831 243
832 774 808 378 247 833 511 387 541 907 503 554
833 442 247 774 832 808 554 1107 511
834 390 250
835 1108 858 467 469 450 1009 270 254 1109 670 1110 517
836 837 254 289 879
837 254 366 836 354 289
838 254 286
839 458 424 699 700 979 398 255 457 390
840 255 352
841 458 255
842 256
843 307 578 256 350
844 259
845 391 339 811 656 259 394
846 1097 1042 1034 1038 277 300 263 815 480 705
847 756 470 1044 807 459 563 263 512 418 277 1097 485 1033
848 300 481 563 1034 263 474 1042 815 553 708 1036 478 1097
849 806 264
850 709 415 266 572
851 266
852 658 706 652 928 690 819 267 552
853 613 868 268
854 602 1111 870 922 268 867 868
855 269
856 269
857 269
858 387 275 353 1112 270 728 408 632 835
859 270 962 431 1004 311 906 554 560
860 1049 270 988 332 987 710
861 272
862 273
863 367 274 426
864 975 1112 275
865 577 275
866 276
867 563 553 277 868 823 1111 854 869 481 426
868 1111 867 563 854 277 853 482 553
869 1034 475 823 867 870 332 277 1113 483 1037 350
870 854 869 277 483
871 369 416 633 278 608 749 629 605 375
872 286
873 488 494 286 1114 354
874 674 479 294 286 494
875 286
876 296 286
877 488 286 494 1094
878 366 286 698
879 667 836 289
880 329 307 341 295 530
881 376 565 296 440
882 297 585
883 433 298 687 428 388 382 551 774 691 340 1115 297 412
884 783 551 725 885 755 787 433 570 886 887 388 298
885 884 541 755 787 433 551 570 725 886 887 388 298
886 884 885 755 787 433 551 570 725 887 388 298
887 755 884 885 787 570 886 541 433 551 725 388 298
888 895 935 890 340 302 511 356
889 340 384 302 506 1116 381 380 783 387 395 977
890 340 906 888 895 302 356 783 577 383
891 430 503 302 392 380 408 409 340 383 395
892 503 392 302 331
893 980 1010 392 982 894 975 919 981 302
894 591 893 980 975 783 982 392 503 302 331 919
895 340 888 935 890 923 773 356 383 511 384 302
896 303
897 1117 305 428
898 310 899 305
899 305 1057 898 710
900 306
901 309 526 1065 313 560 557 391 911
902 557 794 309 528
903 430 311 1050 511 907 407
904 311 355 331 401
905 311
906 1003 1004 859 890 431 1066 1068 311 910
907 903 426 407 511 991 311 718 340 832 1002 335
908 312
909 1068 312 1066 1004 1104 1077
910 906 312
911 560 1065 526 901 557 313 1064 1053 467
912 315
913 315 451 414
914 321 445 318
915 320
916 321
917 325
918 1118 428 329
919 392 331 893 980 894 982 503
920 357 1089 332
921 459 485 332 1001
922 333 611 456 854 1022
923 895 607 984 633 333
924 333 597
925 798 334
926 432 336
927 338 1061 553
928 852 367 424 338
929 353 338 760 1119
930 338 1010 1120
931 962 1004 338 431 467
932 338 476
933 339
934 657 760 986 339 1086
935 783 340 381 888 895
936 340 735 409
937 383 340 386
938 343
939 744 940 589 747 723 346 945
940 939 941 723 346
941 940 346 957 506 397
942 411 395 346
943 395 346 742
944 590 723 589 742 745 743 744 729 346 355
945 355 589 939 723 346
946 348
947 349
948 349
949 351 529 951 714 450 537
950 587 351
951 587 949 818 351 466
952 768 367 391 587 655 597 770 818 351
953 364 587 567 352 368 706 961
954 353
955 354
956 421 810 1036 478 479 563 354 994 995
957 1062 1099 985 941 354 395 723 387 397
958 354
959 355 1121 571 398
960 355 589
961 953 364 367 357 659
962 859 931 431 361
963 366
964 741 467 366 599
965 366
966 375 609
967 611 402 1083 375 1079
968 375 633
969 375
970 375
971 376
972 376
973 730 377
974 769 377 690
975 397 772 379 727 864 893 830 392 980 894 982
976 381
977 725 889 388
978 656 497 495 1122 390
979 391 839 458 1067 571
980 894 919 975 1123 893 982 392 503 729
981 729 893 392
982 975 919 893 392 894 584 729 980 412
983 394 660
984 611 607 633 923 395
985 957 723 395
986 657 934 1086 400 698
987 860 713 401 1049
988 1049 860 401
989 1008 461 817 403 664
990 406
991 406 730 1002 727 907 511
992 433 409
993 417 705
994 476 481 485 459 1042 483 956 482 1111 563 995 1025 417
995 476 421 563 994 704 479 446 956
996 1122 422
997 426 1124
998 426 506
999 426
1000 1048 610 428 457 498 1125 686
1001 428 459 921
1002 730 991 727 907 430
1003 1066 1004 906 1068 1104 431
1004 1003 1066 906 1068 1104 1069 431 909 859 931 792
1005 438
1006 474 686 553 446
1007 482 450
1008 461 451 554 455 1126 989 540
1009 706 451 466 835
1010 893 930 451
1011 453
1012 453 621 463
1013 453 635
1014 457
1015 457 520
1016 458 1067 1018
1017 458
1018 458 612 1016 1067
1019 474 756 459 485 476
1020 459
1021 482 459
1022 1127 485 459 922 807
1023 459 1096 483
1024 756 459
1025 756 994 486 459 1044 563
1026 756 459
1027 461
1028 463
1029 465
1030 586 465
1031 597 1068 1077 467
1032 467
1033 807 470 542 847 512
1034 1042 846 1038 1097 848 869 474 708 482 1037
1035 476 485 823
1036 956 478 810 479 848
1037 708 1034 480 564 705 869
1038 1034 846 1042 1097 705 480
1039 482
1040 482 496 606 490
1041 482
1042 1034 846 1097 1038 994 482 848 705
1043 486
1044 756 1111 847 486 1025
1045 600 488
1046 494 674
1047 497 763
1048 1000 498
1049 860 503 508 988 987 710
1050 903 511
1051 513
1052 1128 545 522 821 764
1053 557 911 560 526
1054 531
1055 534
1056 537
1057 899 818 545
1058 548
1059 552 659
1060 567 552
1061 927 553 827 597
1062 554 957
1063 559
1064 911 560
1065 911 901 1104 560 794
1066 1004 909 792 1069 1068 1104 1077 1003 906 686 577
1067 577 1016 979 1018
1068 1003 1066 1004 906 1104 909 792 1069 1077 577 1031
1069 577 1066 1004 1068 1104
1070 577
1071 586
1072 1129 587 769
1073 591
1074 592 747
1075 592
1076 597
1077 1066 792 1068 633 609 909 1031 1078
1078 1077 609
1079 967 611 1083 1130
1080 611
1081 611
1082 611
1083 611 1079 967 660
1084 616
1085 692 650
1086 934 986 1131 657
1087 657 1088
1088 1087 657
1089 662 920
1090 663
1091 670
1092 679
1093 693
1094 698 877
1095 700 1132
1096 704 807 1023
1097 846 1042 1038 1034 708 1111 705 847 848
1098 713
1099 957 723
1100 756
1101 764
1102 767
1103 770
1104 1003 1066 1004 1069 1068 909 792 1065
1105 801
1106 823
1107 833
1108 835
1109 835
1110 835
1111 854 994 867 868 1044 1097
1112 864 858
1113 869
1114 873
1115 883
1116 889
1117 897
1118 918
1119 929
1120 930
1121 959
1122 996 978
1123 980
1124 997
1125 1000
1126 1008
1127 1022
1128 1052
1129 1072
1130 1079
1131 1086
1132 1095
