0 1 2 3 4 5 6 7 8 9 10 11 12 13 14 15 16 17 18 19 20 21 22 23
1 0 3 5 6 10 11 12 13 14 18 19 20 22 23 66 119 120 121 122 123 124
2 0 3 4 5 6 7 8 9 12 13 15 16 17 19 20 22 23 66 124 129 144 145 146 147 148 149 156 158 159
3 0 1 2 5 6 7 8 10 11 12 13 14 15 16 17 18 19 20 22 23 100 111 120 127 132 136 148 149 151 163 164 165 166 167 168 169 170 171 172 173 176 177 178
4 0 2 5 9 16 21 66 152 154 159 163 164
5 0 1 2 3 4 6 9 10 11 12 13 14 16 18 19 20 21 22 23 152 154 163 164
6 0 1 2 3 5 8 9 10 11 12 13 14 17 18 19 20 22 23 25 26 27 47 53 54 66 73 74 75 79 80 82 83 84 85 86 88 89 91 92 94 95 96 97 99 100 101 102 103 104 105 106 107 108 109 110 115 116 117 118 119 120 121 122 123 124 126 127 129 132 136 137 138 139 147 148 149 151 152 153 154 156 163 164 165 166 167 168 169 170 171 172 173 176 177 178 190
7 0 2 3 8 15 16 17 20 22 23 27 79 80 90 91 93 97 99 109 110
8 0 2 3 6 7 10 12 13 15 16 17 20 22 23 66 108 124 129 133 136 145 147 156 158 159 191
9 0 2 4 5 6 11 12 13 14 16 17 18 19 27 53 66 73 74 75 79 82 84 85 87 92 108 110 111 113 118 124 144 145 146 148 152 154 157 158 159 163 164
10 0 1 3 5 6 8 11 12 13 14 17 18 19 20 22 23 66 79 88 89 94 95 96 100 101 102 105 106 108 115 116 117 119 120 123 124 129 132 136 147
11 0 1 3 5 6 9 10 12 13 14 17 18 19 20 22 23 66 73 75 92 100 110 111 113 120 124 127 132 136 148 149 151 157 158 159 163 164 165 166 167 168 169 170 171 172 173
12 0 1 2 3 5 6 8 9 10 11 13 14 17 18 19 20 22 23 55 66 73 75 88 89 92 100 110 111 113 120 121 122 124 127 132 136 148 149 151 153 157 158 159 163 164 165 166 167 168 169 170 171 172 173 176 177 178 186 187 188
13 0 1 2 3 5 6 8 9 10 11 12 14 17 18 19 20 22 23 66 73 75 92 100 110 111 113 120 124 127 132 136 148 149 151 157 158 159 163 164 165 166 167 168 169 170 171 172 173 186
14 0 1 3 5 6 9 10 11 12 13 17 18 19 20 22 23 66 73 75 92 100 110 111 113 120 124 127 132 136 148 149 151 157 158 159 163 164 165 166 167 168 169 170 171 172 173 176 177 178
15 0 2 3 7 8 16 17 20 22 23 27 79 80 87 90 91 92 93 97 99 109 110 113
16 0 2 3 4 5 7 8 9 15 17 20 21 22 23 144 145 146 147 148 149
17 0 2 3 6 7 8 9 10 11 12 13 14 15 16 18 19 20 22 23 66 73 75 79 88 89 92 94 95 96 100 101 106 110 111 113 115 116 117 120 124 127 132 136 148 149 151 157 158 159 163 164 165 166 167 168 169 170 171 172 173
18 0 1 3 5 6 9 10 11 12 13 14 17 19 20 22 23 53 66 73 74 75 85 92 99 100 108 110 111 113 120 124 127 132 134 136 138 148 149 151 152 153 154 157 158 159 163 164 165 166 167 168 169 170 171 172 173
19 0 1 2 3 5 6 9 10 11 12 13 14 17 18 20 22 23 53 66 73 74 75 79 85 88 89 92 94 95 96 99 100 101 105 106 108 110 111 113 115 116 117 119 120 121 122 123 124 127 132 136 138 148 149 151 152 153 154 157 158 159 163 164 165 166 167 168 169 170 171 172 173 176 177 178
20 0 1 2 3 5 6 7 8 10 11 12 13 14 15 16 17 18 19 22 23 100 111 120 127 132 136 148 149 151 163 164 165 166 167 168 169 170 171 172 173 176 177 178
21 0 4 5 16 87 92 118 132 175 192
22 0 1 2 3 5 6 7 8 10 11 12 13 14 15 16 17 18 19 20 23 26 30 66 73 79 88 89 90 92 94 95 96 100 101 106 108 111 115 116 117 118 120 121 122 123 125 126 127 129 130 131 132 133 136 147 148 149 151 152 156 163 164 165 166 167 168 169 170 171 172 173 176 177 178
23 0 1 2 3 5 6 7 8 10 11 12 13 14 15 16 17 18 19 20 22 66 79 88 89 94 95 96 100 101 102 105 106 108 115 116 117 119 120 123 124 132 167 176 177 178
24 25 26 27
25 6 24 26 27 61 73 79 80 86 88 89 93 97 99 102 104 105 107 108 109 110 114 116 118 143
26 6 22 24 25 27 34 47 53 54 61 69 73 74 75 82 83 84 85 86 87 88 89 92 93 94 95 96 101 103 104 106 108 109 110 111 112 113 115 116 117 118 124 137 138 139 143
27 6 7 9 15 24 25 26 53 61 66 69 73 74 79 82 83 84 85 87 88 89 90 91 92 93 97 102 104 107 108 109 110 111 113 114 116 118 123 143
28 29 30 31 32
29 28 30 31 32 77 78 142
30 22 28 29 31 32 33 34 35 36 41 49 50 51 52 57 59 60 61 63 64 65 67 68 69 71 90 96 100 121 122 125 130 131 133 140 141 142 160 179 182 183
31 28 29 30 32 33 34 35 36 37 38 39 40 41 42 43 44 45 46 49 50 51 52 55 56 58 59 60 61 62 64 65 66 67 69 70 71 72 89 138 153 155 160 180 189 195
32 28 29 30 31 33 34 35 36 37 39 40 41 42 43 44 45 46 49 50 51 52 55 56 57 58 59 60 61 62 64 65 66 67 68 69 71 72 138 153 155
33 30 31 32 34 35 36 37 38 39 40 41 42 43 44 45 46
34 26 30 31 32 33 35 36 37 38 39 40 41 42 43 44 45 46 47 48 49 50 51 52 53 54 55 56 57 58 59 60 61 62 63 64 65 66 67 68 69 70 71 72 73 74 75
35 30 31 32 33 34 36 38 39 41 42 43 44 45 46 50 55 59 65 67 69 70 72 140 141 142
36 30 31 32 33 34 35 37 38 39 40 41 42 43 44 45 46 50 51 55 59 60 61 63 65 67 69 70 72 113 155 160
37 31 32 33 34 36 38 39 40 41 43 44 50 51 55 59 60 61 62 63 65 66 67 69 72 138 153 155 184 185
38 31 33 34 35 36 37 39 41 42 43 46 50 55 59 65 67 69 70 72
39 31 32 33 34 35 36 37 38 40 41 42 43 44 45 46 50 59 65 67
40 31 32 33 34 36 37 39 41 43 44 50 51 59 60 61 62 63 65 66 69 70 113 195
41 30 31 32 33 34 35 36 37 38 39 40 42 43 44 45 46 49 50 51 52 55 56 57 58 59 60 61 62 64 65 66 67 68 69 72 124 138 153 155
42 31 32 33 34 35 36 38 39 41 43 44 45 46 50 55 59 65 67 69 70 72 180
43 31 32 33 34 35 36 37 38 39 40 41 42 44 45 46 51 59 60 61 62 65 67 69
44 31 32 33 34 35 36 37 39 40 41 42 43 45 46 50 59 60 61 65 67 69 71 72 155
45 31 32 33 34 35 36 39 41 42 43 44 46 50 51 59 60 61 63 65 67 69 116 155 160
46 31 32 33 34 35 36 38 39 41 42 43 44 45 50 55 59 65 67 69 70 72 81 125 126 127 128 129 132 134 135 136
47 6 26 34 53 54 66 73 74 75 79 83 84 85 86 89 103 104 114 116 118 137 138 139 156
48 34
49 30 31 32 34 41 51 52 57 61 64 65 68 69
50 30 31 32 34 35 36 37 38 39 40 41 42 44 45 46 51 55 59 60 61 63 65 67 69 70 72 155 160
51 30 31 32 34 36 37 40 41 43 45 49 50 52 55 57 59 60 61 62 63 64 65 66 67 68 69 72 138 153 155 160
52 30 31 32 34 41 49 51 56 57 58 61 64 65 66 68 69 124 182 183
53 6 9 18 19 26 27 34 47 54 69 73 74 75 79 80 81 82 83 84 85 86 87 90 92 96 97 98 99 103 108 109 110 111 113 118 137 138 139 152 153 154 190
54 6 26 34 47 53 66 73 74 75 79 80 81 83 84 85 86 89 90 92 96 97 98 99 103 104 108 109 110 114 116 118 119 122 123 137 138 139
55 12 31 32 34 35 36 37 38 41 42 46 50 51 59 60 61 65 66 67 69 70 72 88 89 120 124 137 138 153 155 188
56 31 32 34 41 52 57 58 59 61 64 65 66 68 69 71 124 160
57 30 32 34 41 49 51 52 56 58 61 64 65 66 68 69 124
58 31 32 34 41 52 56 57 59 61 64 65 66 68 69 71 83 121 123 124 188
59 30 31 32 34 35 36 37 38 39 40 41 42 43 44 45 46 50 51 55 56 58 60 61 62 63 65 66 67 69 70 71 72 88 89 138 153 155 160 184 185
60 30 31 32 34 36 37 40 41 43 44 45 50 51 55 59 61 62 63 65 66 67 69 72 83 88 92 101 138 153 155 160 179 180
61 25 26 27 30 31 32 34 36 37 40 41 43 44 45 49 50 51 52 55 56 57 58 59 60 62 63 64 65 66 67 68 69 71 72 73 88 89 93 101 104 108 109 110 116 123 138 143 153 155 160 184 185
62 31 32 34 37 40 41 43 51 59 60 61 63 65 66 69 153 184 185
63 30 34 36 37 40 45 50 51 59 60 61 62 65 67 155 160
64 30 31 32 34 41 49 51 52 56 57 58 61 65 66 68 69 124
65 30 31 32 34 35 36 37 38 39 40 41 42 43 44 45 46 49 50 51 52 55 56 57 58 59 60 61 62 63 64 66 67 68 69 70 72 116 138 153 155
66 1 2 4 6 8 9 10 11 12 13 14 17 18 19 22 23 27 31 32 34 37 40 41 47 51 52 54 55 56 57 58 59 60 61 62 64 65 67 68 69 71 72 73 74 75 79 83 87 88 89 92 94 95 99 100 101 102 103 104 105 106 107 108 109 110 111 112 113 114 115 116 117 119 120 121 122 123 124 133 135 138 148 150 153 154 155 156 157 158 159 171 172 184 185 186 187 188 191 192 193
67 30 31 32 34 35 36 37 38 39 41 42 43 44 45 46 50 51 55 59 60 61 63 65 66 69 70 72 138 153 155 160
68 30 32 34 41 49 51 52 56 57 58 61 64 65 66 69 124 160
69 26 27 30 31 32 34 35 36 37 38 40 41 42 43 44 45 46 49 50 51 52 53 55 56 57 58 59 60 61 62 64 65 66 67 68 70 71 72 73 83 87 92 113 118 119 123 124 138 140 153 155 182 183 196
70 31 34 35 36 38 40 42 46 50 55 59 65 67 69 72 113 179 180 181 189
71 30 31 32 34 44 56 58 59 61 66 69 141
72 31 32 34 35 36 37 38 41 42 44 46 50 51 55 59 60 61 65 66 67 69 70 138 153 155
73 6 9 11 12 13 14 17 18 19 22 25 26 27 34 47 53 54 61 66 69 74 75 79 82 83 84 85 86 87 88 89 92 93 96 103 104 108 109 110 111 113 116 118 121 124 137 138 139 143 148 154 157 158 159 192 193
74 6 9 18 19 26 27 34 47 53 54 66 73 75 79 80 81 82 83 84 85 86 87 90 92 96 97 98 99 103 108 109 110 111 113 118 119 122 123 137 138 139 152 153 154 190
75 6 9 11 12 13 14 17 18 19 26 34 47 53 54 66 73 74 79 82 84 85 86 92 103 110 111 113 118 124 137 138 139 148 157 158 159
76 77 78
77 29 76 78
78 29 76 77 181
79 6 7 9 10 15 17 19 22 23 25 27 47 53 54 66 73 74 75 80 81 82 83 84 85 86 87 88 89 90 91 92 93 94 95 96 97 98 99 100 101 102 103 104 105 106 107 108 109 110 111 112 113 114 115 116 117 118
80 6 7 15 25 53 54 74 79 81 83 86 88 89 90 93 97 98 99 102 104 105 107 108 109 110 116 118
81 46 53 54 74 79 80 83 90 97 98 99 108 109 110 125 126 127 128 129 132 134 135 136
82 6 9 26 27 53 73 74 75 79 83 84 85 87 89 91 92 93 103 108 109 110 111 113 116 118 124
83 6 26 27 47 53 54 58 60 66 69 73 74 79 80 81 82 87 88 89 90 92 97 98 99 101 102 104 108 109 110 113 114 116 118 121 122 123 124 135 137 188 190
84 6 9 26 27 47 53 54 73 74 75 79 82 85 86 87 92 103 108 110 111 113 118 137 138 139
85 6 9 18 19 26 27 47 53 54 73 74 75 79 82 84 86 87 92 96 99 103 108 110 111 113 118 137 138 139 152 153 154
86 6 25 26 47 53 54 73 74 75 79 80 84 85 88 89 96 97 99 102 103 104 105 107 108 112 116 118 127 137 138 139 163 164
87 9 15 21 26 27 53 66 69 73 74 79 82 83 84 85 89 92 93 102 108 110 111 113 116 118 124 132 175 192
88 6 10 12 17 19 22 23 25 26 27 55 59 60 61 66 73 79 80 83 86 89 93 94 95 96 97 99 100 101 102 104 105 106 107 108 109 110 112 115 116 117 118 120 121 122 123 124 143 153 154 173 188 193
89 6 10 12 17 19 22 23 25 26 27 31 47 54 55 59 61 66 73 79 80 82 83 86 87 88 92 93 94 95 96 97 99 100 101 102 104 105 106 107 108 109 110 111 112 113 114 115 116 117 118 120 121 122 123 124 143 153 154 156 162 188 193
90 7 15 22 27 30 53 54 74 79 80 81 83 91 92 96 97 98 99 100 108 109 110 118 121 122 125 130 131 133 137
91 6 7 15 27 79 82 90 109 110
92 6 9 11 12 13 14 15 17 18 19 21 22 26 27 53 54 60 66 69 73 74 75 79 82 83 84 85 87 89 90 93 96 99 102 105 108 110 111 113 114 116 118 119 121 122 123 124 132 133 137 148 157 158 159 162 173 175 190 192
93 7 15 25 26 27 61 73 79 80 82 87 88 89 92 97 99 104 108 109 110 116 118 143 156
94 6 10 17 19 22 23 26 66 79 88 89 95 96 99 100 101 102 104 106 112 115 116 117 121 122 154 193
95 6 10 17 19 22 23 26 66 79 88 89 94 96 99 100 101 104 106 112 115 116 117 121 122 154 193
96 6 10 17 19 22 23 26 30 53 54 73 74 79 85 86 88 89 90 92 94 95 100 101 106 111 115 116 117 118 121 122 125 126 127 130 131 133 139 152 163 164
97 6 7 15 25 27 53 54 74 79 80 81 83 86 88 89 90 93 98 99 102 104 105 107 108 109 110 116 118
98 53 54 74 79 80 81 83 90 97 99 108 109 110
99 6 7 15 18 19 25 53 54 66 74 79 80 81 83 85 86 88 89 90 92 93 94 95 97 98 101 102 104 105 106 107 108 109 110 115 116 117 118 123 137 138 152 153 154
100 3 6 10 11 12 13 14 17 18 19 20 22 23 30 66 79 88 89 90 94 95 96 101 106 115 116 117 120 121 122 125 127 130 131 132 133 136 148 149 151 158 163 164 165 166 167 168 169 170 171 172 173 186 187 188
101 6 10 17 19 22 23 26 60 61 66 79 83 88 89 94 95 96 99 100 104 106 107 112 115 116 117 121 122 123 154 193
102 6 10 23 25 27 66 79 80 83 86 87 88 89 92 94 97 99 104 105 107 108 110 113 114 116 118 119 123 124
103 6 26 47 53 54 66 73 74 75 79 82 84 85 86 111 118 121 137 138 139 154 192 193
104 6 25 26 27 47 54 61 66 73 79 80 83 86 88 89 93 94 95 97 99 101 102 105 106 107 108 109 110 112 114 115 116 117 118 143
105 6 10 19 23 25 66 79 80 86 88 89 92 97 99 102 104 107 108 116 118 119 123 124
106 6 10 17 19 22 23 26 66 79 88 89 94 95 96 99 100 101 104 107 112 115 116 117 121 122 154 193
107 6 25 27 66 79 80 86 88 89 97 99 101 102 104 105 106 108 112 114 115 116 117 118
108 6 8 9 10 18 19 22 23 25 26 27 53 54 61 66 73 74 79 80 81 82 83 84 85 86 87 88 89 90 92 93 97 98 99 102 104 105 107 109 110 111 113 116 118 119 122 123 124 133 138 143 152 153 154 156 158 186 191 192
109 6 7 15 25 26 27 53 54 61 66 73 74 79 80 81 82 83 88 89 90 91 93 97 98 99 104 108 110 116 123 143
110 6 7 9 11 12 13 14 15 17 18 19 25 26 27 53 54 61 66 73 74 75 79 80 81 82 83 84 85 87 88 89 90 91 92 93 97 98 99 102 104 108 109 111 113 116 118 123 124 143 148 157 158 159
111 3 9 11 12 13 14 17 18 19 20 22 26 27 53 66 73 74 75 79 82 84 85 87 89 92 96 103 108 110 113 116 118 120 121 124 137 139 148 154 157 158 159 170 171 172 173 192 193
112 26 66 79 86 88 89 94 95 101 104 106 107 115 116 117 121 122 154 173 193
113 9 11 12 13 14 15 17 18 19 26 27 36 40 53 66 69 70 73 74 75 79 82 83 84 85 87 89 92 102 108 110 111 116 118 124 148 157 158 159
114 25 27 47 54 66 79 83 89 92 102 104 107 116 123 197
115 6 10 17 19 22 23 26 66 79 88 89 94 95 96 99 100 101 104 106 107 112 116 117 121 122 154 193
116 6 10 17 19 22 23 25 26 27 45 47 54 61 65 66 73 79 80 82 83 86 87 88 89 92 93 94 95 96 97 99 100 101 102 104 105 106 107 108 109 110 111 112 113 114 115 117 118 121 122 124 143 154 162 193
117 6 10 17 19 22 23 26 66 79 88 89 94 95 96 99 100 101 104 106 107 112 115 116 121 122 123 154 193
118 6 9 21 22 25 26 27 47 53 54 69 73 74 75 79 80 82 83 84 85 86 87 88 89 90 92 93 96 97 99 102 103 104 105 107 108 110 111 113 116 132 137 138 139 175 192
119 1 6 10 19 23 54 66 69 74 92 102 105 108 121 122 123 124
120 1 3 6 10 11 12 13 14 17 18 19 20 22 23 55 66 88 89 100 111 124 127 132 134 136 148 149 151 152 153 159 163 164 165 166 167 168 169 170 171 172 173 188
121 1 6 12 19 22 30 58 66 73 83 88 89 90 92 94 95 96 100 101 103 106 111 112 115 116 117 119 122 123 124 125 130 131 133 154 158 186 187 188 192 193
122 1 6 12 19 22 30 54 66 74 83 88 89 90 92 94 95 96 100 101 106 108 112 115 116 117 119 121 123 124 125 130 131 133 154 158 186 187 188 193
123 1 6 10 19 22 23 27 54 58 61 66 69 74 83 88 89 92 99 101 102 105 108 109 110 114 117 119 121 122 124 188
124 1 2 6 8 9 10 11 12 13 14 17 18 19 23 26 41 52 55 56 57 58 64 66 68 69 73 75 82 83 87 88 89 92 102 105 108 110 111 113 116 119 120 121 122 123 148 153 157 158 159 186 188
125 22 30 46 81 90 96 100 121 122 126 127 128 129 130 131 132 133 134 135 136
126 6 22 46 81 96 125 127 128 129 132 134 135 136
127 3 6 11 12 13 14 17 18 19 20 22 46 81 86 96 100 120 125 126 128 129 132 134 135 136 139 147 148 149 151 163 164 165 166 167 168 169 170 171 172 173
128 46 81 125 126 127 129 130 132 134 135 136 147 148 165 166 167 169 174 175
129 2 6 8 10 22 46 81 125 126 127 128 132 134 135 136 147 156 182 183
130 22 30 90 96 100 121 122 125 128 131 132 133 136 147 165 166 174 175 182 183
131 22 30 90 96 100 121 122 125 130 133 136 140 154
132 3 6 10 11 12 13 14 17 18 19 20 21 22 23 46 81 87 92 100 118 120 125 126 127 128 129 130 134 135 136 147 148 149 151 163 164 165 166 167 168 169 170 171 172 173 174 175 176 177 178 192
133 8 22 30 66 90 92 96 100 108 121 122 125 130 131 156 191
134 18 46 81 120 125 126 127 128 129 132 135 136 147 152 167 170 171 172
135 46 66 81 83 125 126 127 128 129 132 134 136 149 158 164 168 178 186 191
136 3 6 8 10 11 12 13 14 17 18 19 20 22 46 81 100 120 125 126 127 128 129 130 131 132 134 135 147 148 149 151 152 154 163 164 165 166 167 168 169 170 171 172 173 174 175
137 6 26 47 53 54 55 73 74 75 83 84 85 86 90 92 99 103 111 118 138 139
138 6 18 19 26 31 32 37 41 47 51 53 54 55 59 60 61 65 66 67 69 72 73 74 75 84 85 86 99 103 108 118 137 139 152 153 154 155
139 6 26 47 53 54 73 74 75 84 85 86 96 103 111 118 127 137 138 163 164
140 30 35 69 131 141 142
141 30 35 71 140 142
142 29 30 35 140 141
143 25 26 27 61 73 88 89 93 104 108 109 110 116
144 2 9 16 145 146 147 148 149
145 2 8 9 16 144 146 147 148 149
146 2 9 16 144 145 147 148 149
147 2 6 8 10 16 22 127 128 129 130 132 134 136 144 145 146 148 149 165 166 167 169 174 175
148 2 3 6 9 11 12 13 14 16 17 18 19 20 22 66 73 75 92 100 110 111 113 120 124 127 128 132 136 144 145 146 147 149 151 157 158 159 163 164 165 166 167 168 169 170 171 172 173
149 2 3 6 11 12 13 14 16 17 18 19 20 22 100 120 127 132 135 136 144 145 146 147 148 151 163 164 165 166 167 168 169 170 171 172 173 178 191
150 66 151
151 3 6 11 12 13 14 17 18 19 20 22 100 120 127 132 136 148 149 150 163 164 165 166 167 168 169 170 171 172 173
152 4 5 6 9 18 19 22 53 74 85 96 99 108 120 134 136 138 153 154 163 164 167 170 171 172 176 177
153 6 12 18 19 31 32 37 41 51 53 55 59 60 61 62 65 66 67 69 72 74 85 88 89 99 108 120 124 138 152 154 155 184 185 188 190
154 4 5 6 9 18 19 53 66 73 74 85 88 89 94 95 99 101 103 106 108 111 112 115 116 117 121 122 131 136 138 152 153 159 163 164 176 177 192 193
155 31 32 36 37 41 44 45 50 51 55 59 60 61 63 65 66 67 69 72 138 153 160
156 2 6 8 22 47 66 89 93 108 129 133
157 9 11 12 13 14 17 18 19 66 73 75 92 110 111 113 124 148 158 159
158 2 8 9 11 12 13 14 17 18 19 66 73 75 92 100 108 110 111 113 121 122 124 135 148 157 159 186 187 188
159 2 4 8 9 11 12 13 14 17 18 19 66 73 75 92 110 111 113 120 124 148 154 157 158 172
160 30 31 36 45 50 51 56 59 60 61 63 67 68 155
161 162
162 89 92 116 161
163 3 4 5 6 9 11 12 13 14 17 18 19 20 22 86 96 100 120 127 132 136 139 148 149 151 152 154 164 165 166 167 168 169 170 171 172 173 178 191
164 3 4 5 6 9 11 12 13 14 17 18 19 20 22 86 96 100 120 127 132 135 136 139 148 149 151 152 154 163 165 166 167 168 169 170 171 172 173 178 191
165 3 6 11 12 13 14 17 18 19 20 22 100 120 127 128 130 132 136 147 148 149 151 163 164 166 167 168 169 170 171 172 173 174 175
166 3 6 11 12 13 14 17 18 19 20 22 100 120 127 128 130 132 136 147 148 149 151 163 164 165 167 168 169 170 171 172 173 174 175
167 3 6 11 12 13 14 17 18 19 20 22 23 100 120 127 128 132 134 136 147 148 149 151 152 163 164 165 166 168 169 170 171 172 173 176 177 178
168 3 6 11 12 13 14 17 18 19 20 22 100 120 127 132 135 136 148 149 151 163 164 165 166 167 169 170 171 172 173 178 191
169 3 6 11 12 13 14 17 18 19 20 22 100 120 127 128 132 136 147 148 149 151 163 164 165 166 167 168 170 171 172 173
170 3 6 11 12 13 14 17 18 19 20 22 100 111 120 127 132 134 136 148 149 151 152 163 164 165 166 167 168 169 171 172 173
171 3 6 11 12 13 14 17 18 19 20 22 66 100 111 120 127 132 134 136 148 149 151 152 163 164 165 166 167 168 169 170 172 173
172 3 6 11 12 13 14 17 18 19 20 22 66 100 111 120 127 132 134 136 148 149 151 152 159 163 164 165 166 167 168 169 170 171 173
173 3 6 11 12 13 14 17 18 19 20 22 88 92 100 111 112 120 127 132 136 148 149 151 163 164 165 166 167 168 169 170 171 172
174 128 130 132 136 147 165 166 175 194
175 21 87 92 118 128 130 132 136 147 165 166 174 192
176 3 6 12 14 19 20 22 23 132 152 154 167 177 178
177 3 6 12 14 19 20 22 23 132 152 154 167 176 178
178 3 6 12 14 19 20 22 23 132 135 149 163 164 167 168 176 177 191
179 30 60 70 180 181
180 31 42 60 70 179 181
181 70 78 179 180 189
182 30 52 69 129 130 183
183 30 52 69 129 130 182
184 37 59 61 62 66 153 185
185 37 59 61 62 66 153 184
186 12 13 66 100 108 121 122 124 135 158 187 188
187 12 66 100 121 122 158 186 188
188 12 55 58 66 83 88 89 100 120 121 122 123 124 153 158 186 187
189 31 70 181
190 6 53 74 83 92 153
191 8 66 108 133 135 149 163 164 168 178
192 21 66 73 87 92 103 108 111 118 121 132 154 175 193
193 66 73 88 89 94 95 101 103 106 111 112 115 116 117 121 122 154 192
194 174
195 31 40
196 69
197 114
