0  -0.997982  0.995786  
0  -0.997799  0.993048  
0  -0.993946  0.984482  
0  -0.991378  0.972582  
0  -0.988076  0.963938  
0  -0.98459  0.957956  
0  -0.981471  0.952584  
0  -0.978536  0.950027  
0  -0.974317  0.941842  
0  -0.972666  0.877989  
0  -0.971198  0.874701  
0  -0.968263  0.865284  
0  -0.965694  0.856824  
0  -0.962943  0.847601  
0  -0.960374  0.841648  
0  -0.957439  0.837026  
0  -0.954504  0.831123  
0  -0.952119  0.827086  
0  -0.949551  0.822274  
0  -0.946615  0.821499  
0  -0.943497  0.815139  
0  -0.940928  0.809688  
0  -0.93836  0.801822  
0  -0.937259  0.769112  
0  -0.936525  0.753328  
0  -0.933957  0.746182  
0  -0.931756  0.741174  
0  -0.929738  0.731507  
0  -0.92772  0.726111  
0  -0.925151  0.722397  
0  -0.923133  0.716657  
0  -0.920748  0.71357  
0  -0.917813  0.710044  
0  -0.917079  0.690777  
0  -0.915245  0.682229  
0  -0.913777  0.678121  
0  -0.911209  0.667715  
0  -0.909558  0.650186  
0  -0.908641  0.647867  
0  -0.906806  0.642814  
0  -0.904788  0.639197  
0  -0.90332  0.63169  
0  -0.901853  0.627703  
0  -0.899468  0.621824  
0  -0.896716  0.616382  
0  -0.895432  0.614479  
0  -0.893047  0.611136  
0  -0.890846  0.59084  
0  -0.889195  0.586426  
0  -0.886993  0.580433  
0  -0.885892  0.575765  
0  -0.884425  0.572022  
0  -0.882774  0.567723  
0  -0.879839  0.565536  
0  -0.878371  0.563366  
0  -0.876353  0.558381  
0  -0.874702  0.554038  
0  -0.872684  0.547398  
0  -0.871216  0.545177  
0  -0.869932  0.541299  
0  -0.867731  0.537104  
0  -0.866263  0.533294  
0  -0.864612  0.530494  
0  -0.862411  0.527525  
0  -0.860576  0.524242  
0  -0.858558  0.522557  
0  -0.85654  0.519055  
0  -0.856357  0.488328  
0  -0.855623  0.485382  
0  -0.855439  0.476259  
0  -0.854339  0.469595  
0  -0.853238  0.467064  
1  -0.85177  0.465212  
1  -0.849569  0.461204  
1  -0.849385  0.456902  
1  -0.847918  0.452838  
1  -0.84645  0.448824  
1  -0.844799  0.446121  
1  -0.843698  0.444599  
1  -0.843331  0.427215  
1  -0.842231  0.425368  
1  -0.840763  0.423068  
1  -0.839662  0.420007  
1  -0.838745  0.415584  
1  -0.837094  0.41069  
1  -0.835993  0.408411  
1  -0.834709  0.406314  
1  -0.833242  0.4045  
1  -0.830306  0.402  
1  -0.830306  0.395941  
1  -0.829389  0.394374  
1  -0.827921  0.390902  
1  -0.826087  0.386575  
1  -0.825904  0.385511  
1  -0.824069  0.38093  
1  -0.823335  0.379292  
1  -0.822051  0.376284  
1  -0.8204  0.373301  
1  -0.8204  0.361948  
1  -0.819483  0.35945  
1  -0.818198  0.356824  
1  -0.816914  0.355119  
1  -0.815814  0.350937  
1  -0.81508  0.349283  
1  -0.813979  0.345885  
1  -0.812878  0.34386  
1  -0.811411  0.341048  
1  -0.809943  0.3387  
1  -0.808842  0.337474  
1  -0.806824  0.335227  
1  -0.805357  0.332413  
1  -0.80444  0.330514  
1  -0.802972  0.327697  
1  -0.801871  0.32583  
1  -0.800771  0.324181  
1  -0.799486  0.321407  
1  -0.798202  0.31915  
1  -0.796735  0.316425  
1  -0.795634  0.314239  
1  -0.794717  0.311072  
1  -0.793799  0.308353  
1  -0.792699  0.305942  
1  -0.791598  0.304146  
1  -0.790681  0.293844  
1  -0.78958  0.29185  
1  -0.788296  0.289668  
1  -0.787562  0.287468  
1  -0.786278  0.28495  
1  -0.78536  0.281662  
1  -0.784443  0.280012  
1  -0.783343  0.278224  
1  -0.782242  0.276317  
1  -0.780958  0.274667  
1  -0.77949  0.272931  
1  -0.777655  0.270965  
1  -0.776738  0.267977  
1  -0.775637  0.265695  
1  -0.774904  0.264597  
1  -0.77362  0.262505  
1  -0.772152  0.260617  
1  -0.770868  0.258997  
1  -0.769584  0.258217  
1  -0.766098  0.256799  
2  -0.765364  0.249289  
2  -0.76353  0.244289  
2  -0.763163  0.242551  
2  -0.761145  0.240876  
2  -0.760044  0.239481  
2  -0.758026  0.23737  
2  -0.756192  0.236513  
2  -0.755825  0.230923  
2  -0.755091  0.228796  
2  -0.754174  0.226835  
2  -0.752522  0.225304  
2  -0.751238  0.223797  
2  -0.749404  0.222203  
2  -0.748487  0.221286  
2  -0.747936  0.213403  
2  -0.747386  0.211359  
2  -0.745735  0.210253  
2  -0.745001  0.205887  
2  -0.744084  0.204223  
2  -0.742616  0.201232  
2  -0.741148  0.199562  
2  -0.739497  0.198423  
2  -0.738947  0.196457  
2  -0.737846  0.195744  
2  -0.736562  0.190907  
2  -0.735645  0.189243  
2  -0.734728  0.1885  
2  -0.733994  0.185979  
2  -0.732526  0.184395  
2  -0.730508  0.183766  
2  -0.728674  0.182413  
2  -0.726472  0.178718  
2  -0.726289  0.177232  
2  -0.723904  0.174645  
2  -0.721519  0.172983  
2  -0.720418  0.171338  
2  -0.719134  0.169286  
2  -0.718033  0.168772  
2  -0.716015  0.167159  
2  -0.713447  0.163598  
2  -0.712897  0.16221  
2  -0.711246  0.160085  
2  -0.711062  0.159032  
2  -0.708494  0.157251  
2  -0.706843  0.156641  
2  -0.704091  0.155206  
2  -0.702073  0.154337  
2  -0.701523  0.152862  
2  -0.698771  0.15175  
2  -0.697303  0.150758  
2  -0.694918  0.149509  
2  -0.693084  0.148186  
2  -0.691066  0.146807  
2  -0.689231  0.145675  
2  -0.68703  0.144514  
2  -0.684828  0.143306  
2  -0.682444  0.141676  
2  -0.680976  0.140816  
2  -0.679141  0.139798  
2  -0.67694  0.136697  
2  -0.673638  0.135385  
2  -0.672354  0.133966  
2  -0.6674  0.133259  
3  -0.665566  0.132731  
3  -0.664282  0.128981  
3  -0.66153  0.127162  
3  -0.659512  0.126386  
3  -0.657677  0.125248  
3  -0.654742  0.123961  
3  -0.653091  0.123092  
3  -0.649972  0.121035  
3  -0.648138  0.119706  
3  -0.647955  0.118  
3  -0.646487  0.116722  
3  -0.643919  0.115328  
3  -0.642451  0.113551  
3  -0.640616  0.112176  
3  -0.639332  0.111039  
3  -0.637865  0.109982  
3  -0.634929  0.108056  
3  -0.632728  0.106587  
3  -0.63126  0.105998  
3  -0.628509  0.104466  
3  -0.624473  0.103334  
3  -0.621904  0.102007  
3  -0.618235  0.100634  
3  -0.616768  0.0987424  
3  -0.615483  0.098151  
3  -0.608145  0.0967399  
3  -0.606127  0.0957526  
3  -0.603192  0.0943088  
3  -0.600257  0.0929936  
3  -0.596404  0.0914366  
3  -0.594203  0.090428  
3  -0.591084  0.0885415  
3  -0.588699  0.0873089  
3  -0.584847  0.0863922  
3  -0.581545  0.0845741  
3  -0.577325  0.0839196  
3  -0.573289  0.0821495  
3  -0.569804  0.0811709  
3  -0.565034  0.0794242  
3  -0.562282  0.078429  
3  -0.55898  0.0767487  
3  -0.55366  0.0753978  
3  -0.549807  0.0740175  
3  -0.546689  0.0730195  
3  -0.54302  0.0710661  
3  -0.538433  0.0699842  
3  -0.535498  0.0686145  
3  -0.531095  0.0668524  
3  -0.525959  0.0655608  
3  -0.519721  0.0644354  
3  -0.514951  0.0622157  
3  -0.514034  0.0606165  
3  -0.509448  0.0595163  
3  -0.499725  0.0582502  
3  -0.496056  0.0559837  
3  -0.489818  0.0550583  
3  -0.478261  0.0517034  
3  -0.470923  0.0504335  
3  -0.465603  0.0488315  
3  -0.45166  0.0469167  
3  -0.446157  0.045195  
3  -0.433498  0.0416002  
3  -0.42506  0.0398991  
3  -0.421574  0.0378359  
3  -0.408182  0.035902  
3  -0.397358  0.0342717  
3  -0.393139  0.0320556  
3  -0.381581  0.030168  
3  -0.364704  0.0283574  
3  -0.348376  0.0259915  
3  -0.337186  0.0238369  
3  -0.336819  0.0236102  
