0  -0.998349  0.994328  
0  -0.997982  0.993596  
0  -0.994863  0.986127  
0  -0.991378  0.968645  
0  -0.987892  0.959597  
0  -0.98514  0.953688  
0  -0.982389  0.947079  
0  -0.979086  0.944136  
0  -0.975968  0.928769  
0  -0.973032  0.92242  
0  -0.96973  0.91205  
0  -0.967529  0.9089  
0  -0.96386  0.879552  
0  -0.961658  0.87823  
0  -0.95854  0.859026  
0  -0.955604  0.852028  
0  -0.95322  0.84727  
0  -0.950284  0.836389  
0  -0.948083  0.83221  
0  -0.944964  0.824904  
0  -0.941295  0.804272  
0  -0.941295  0.804272  
0  -0.937626  0.794206  
0  -0.936709  0.784984  
0  -0.93359  0.749107  
0  -0.932123  0.745434  
0  -0.92882  0.730595  
0  -0.92772  0.727666  
0  -0.926069  0.721959  
0  -0.923133  0.717073  
0  -0.920932  0.712059  
0  -0.91818  0.709281  
0  -0.916162  0.707123  
0  -0.91341  0.694848  
0  -0.911759  0.689671  
0  -0.909925  0.6861  
0  -0.907907  0.667337  
0  -0.90699  0.664402  
0  -0.905522  0.660554  
0  -0.90332  0.650236  
0  -0.901486  0.645061  
0  -0.899285  0.641363  
0  -0.897633  0.636278  
0  -0.895432  0.6343  
0  -0.893047  0.632671  
0  -0.890846  0.626635  
0  -0.889195  0.616723  
0  -0.887544  0.61268  
0  -0.885159  0.60831  
0  -0.883508  0.605361  
0  -0.882407  0.591855  
0  -0.88149  0.588091  
0  -0.879105  0.582922  
0  -0.877454  0.576188  
0  -0.875803  0.572847  
0  -0.874518  0.569073  
0  -0.873601  0.559817  
0  -0.872134  0.556369  
0  -0.869749  0.548158  
0  -0.868648  0.545908  
0  -0.866997  0.541841  
0  -0.865529  0.538369  
0  -0.863511  0.534711  
0  -0.862411  0.531998  
0  -0.860026  0.528123  
0  -0.858375  0.524706  
0  -0.856173  0.520941  
0  -0.854889  0.519067  
0  -0.852688  0.516316  
0  -0.851587  0.497251  
0  -0.85067  0.494885  
0  -0.847734  0.49327  
0  -0.846634  0.485653  
1  -0.846267  0.483761  
1  -0.843698  0.48164  
1  -0.841864  0.477913  
1  -0.84113  0.470857  
1  -0.840396  0.469315  
1  -0.838195  0.466188  
1  -0.83636  0.46485  
1  -0.835076  0.456953  
1  -0.834893  0.455465  
1  -0.832324  0.452477  
1  -0.831407  0.425378  
1  -0.829756  0.422273  
1  -0.829022  0.41967  
1  -0.827555  0.414165  
1  -0.827188  0.404968  
1  -0.82572  0.404596  
1  -0.824436  0.400012  
1  -0.823702  0.395983  
1  -0.821868  0.395557  
1  -0.82095  0.391109  
1  -0.8204  0.378953  
1  -0.81985  0.370349  
1  -0.819116  0.367519  
1  -0.817465  0.365902  
1  -0.815447  0.358635  
1  -0.814163  0.35514  
1  -0.813429  0.35409  
1  -0.811961  0.351814  
1  -0.810677  0.347816  
1  -0.809393  0.343861  
1  -0.808659  0.342658  
1  -0.807008  0.341054  
1  -0.805357  0.33788  
1  -0.804623  0.336871  
1  -0.803155  0.334686  
1  -0.800771  0.33166  
1  -0.799853  0.330644  
1  -0.798386  0.327682  
1  -0.796918  0.325459  
1  -0.796001  0.324464  
1  -0.794166  0.320986  
1  -0.792699  0.318799  
1  -0.791231  0.316724  
1  -0.790497  0.315909  
1  -0.788479  0.312797  
1  -0.787745  0.311968  
1  -0.786278  0.310549  
1  -0.783893  0.308394  
1  -0.782058  0.306152  
1  -0.780774  0.304976  
1  -0.778756  0.302184  
1  -0.777289  0.30042  
1  -0.776371  0.298872  
1  -0.77472  0.296916  
1  -0.77362  0.29524  
1  -0.771235  0.293611  
1  -0.7694  0.291654  
1  -0.768483  0.289937  
1  -0.766832  0.289209  
1  -0.76408  0.287451  
1  -0.762979  0.285626  
1  -0.761695  0.283987  
1  -0.758943  0.282253  
1  -0.757843  0.281182  
1  -0.754907  0.278653  
1  -0.754174  0.277902  
1  -0.750688  0.276795  
1  -0.749404  0.275421  
2  -0.747936  0.273575  
2  -0.745551  0.27194  
2  -0.744267  0.268862  
2  -0.742616  0.265825  
2  -0.740965  0.264093  
2  -0.739497  0.262767  
2  -0.737846  0.260184  
2  -0.736195  0.258373  
2  -0.734361  0.248609  
2  -0.732526  0.247332  
2  -0.731425  0.243265  
2  -0.731059  0.243073  
2  -0.729774  0.23714  
2  -0.728307  0.235704  
2  -0.727023  0.232795  
2  -0.726289  0.231456  
2  -0.724638  0.229891  
2  -0.722803  0.228349  
2  -0.721152  0.226935  
2  -0.718951  0.224599  
2  -0.71785  0.223864  
2  -0.717666  0.219412  
2  -0.717116  0.218316  
2  -0.715465  0.216499  
2  -0.714181  0.213801  
2  -0.713631  0.212583  
2  -0.711979  0.210826  
2  -0.710512  0.209678  
2  -0.708861  0.207915  
2  -0.70721  0.206587  
2  -0.705926  0.20456  
2  -0.704458  0.203027  
2  -0.702623  0.201735  
2  -0.701339  0.19938  
2  -0.699688  0.197596  
2  -0.69767  0.196216  
2  -0.696753  0.195229  
2  -0.694735  0.192781  
2  -0.693818  0.191519  
2  -0.69235  0.189915  
2  -0.689782  0.188346  
2  -0.688314  0.186691  
2  -0.686296  0.184969  
2  -0.685195  0.184239  
2  -0.683177  0.182536  
2  -0.681159  0.181122  
2  -0.679508  0.179494  
2  -0.677123  0.177723  
2  -0.676757  0.17647  
2  -0.675289  0.174737  
2  -0.672904  0.172971  
2  -0.67162  0.172492  
2  -0.669418  0.170071  
2  -0.668501  0.168642  
2  -0.665749  0.166745  
2  -0.664832  0.165936  
2  -0.661713  0.163786  
2  -0.660062  0.162878  
2  -0.657494  0.161718  
2  -0.654559  0.160366  
2  -0.654192  0.153146  
2  -0.649972  0.151313  
2  -0.649055  0.150314  
2  -0.645386  0.147822  
3  -0.644469  0.1354  
3  -0.641901  0.135325  
3  -0.641717  0.132253  
3  -0.64135  0.13191  
3  -0.636397  0.129737  
3  -0.636214  0.128356  
3  -0.63548  0.1261  
3  -0.632911  0.12251  
3  -0.63126  0.11936  
3  -0.629426  0.11839  
3  -0.627958  0.116691  
3  -0.625757  0.114859  
3  -0.625206  0.113406  
3  -0.623739  0.112433  
3  -0.621537  0.108303  
3  -0.621537  0.106367  
3  -0.618786  0.10575  
3  -0.616768  0.103307  
3  -0.616034  0.10246  
3  -0.614016  0.100863  
3  -0.611447  0.0990501  
3  -0.609063  0.0982257  
3  -0.607962  0.0965327  
3  -0.604109  0.0947474  
3  -0.600807  0.0936378  
3  -0.60044  0.0917695  
3  -0.597872  0.0909534  
3  -0.595487  0.0893873  
3  -0.592185  0.0876493  
3  -0.586681  0.0848456  
3  -0.583563  0.0835265  
3  -0.57971  0.0820537  
3  -0.577509  0.0808083  
3  -0.575124  0.0791518  
3  -0.571088  0.0778778  
3  -0.568336  0.0765037  
3  -0.567786  0.0746923  
3  -0.563383  0.0734849  
3  -0.562466  0.0722934  
3  -0.556228  0.069055  
3  -0.551092  0.0674802  
3  -0.545588  0.0664438  
3  -0.540268  0.0631601  
3  -0.533664  0.0616676  
3  -0.52816  0.0603842  
3  -0.521556  0.0589222  
3  -0.517336  0.0577432  
3  -0.511282  0.0560961  
3  -0.508164  0.054291  
3  -0.504495  0.0528977  
3  -0.499174  0.051219  
3  -0.489451  0.0498254  
3  -0.483948  0.048178  
3  -0.474959  0.0465379  
3  -0.469455  0.0450745  
3  -0.455513  0.0434638  
3  -0.447808  0.0418721  
3  -0.443772  0.0407032  
3  -0.427995  0.038739  
3  -0.416437  0.0368076  
3  -0.40543  0.0347323  
3  -0.393506  0.0331754  
3  -0.376812  0.0312047  
3  -0.367456  0.02897  
3  -0.350211  0.0269307  
3  -0.341222  0.0246085  
