0  -0.99523  0.987209  
0  -0.995047  0.986663  
0  -0.991745  0.980304  
0  -0.987892  0.959924  
0  -0.985691  0.953237  
0  -0.982572  0.943952  
0  -0.979453  0.934662  
0  -0.975968  0.928329  
0  -0.973583  0.919827  
0  -0.971748  0.878679  
0  -0.968813  0.868457  
0  -0.965878  0.861857  
0  -0.963126  0.856605  
0  -0.960191  0.841087  
0  -0.958356  0.835273  
0  -0.955788  0.824745  
0  -0.95322  0.819094  
0  -0.950468  0.813647  
0  -0.947899  0.806028  
0  -0.944781  0.77711  
0  -0.943864  0.772924  
0  -0.941479  0.767353  
0  -0.939461  0.763364  
0  -0.936709  0.750082  
0  -0.935241  0.746234  
0  -0.932673  0.739795  
0  -0.930105  0.731771  
0  -0.92827  0.727396  
0  -0.925885  0.72209  
0  -0.923684  0.717927  
0  -0.921299  0.71191  
0  -0.919648  0.676277  
0  -0.917813  0.67102  
0  -0.915795  0.666445  
0  -0.913777  0.662512  
0  -0.911943  0.653268  
0  -0.910108  0.647758  
0  -0.90809  0.642726  
0  -0.905889  0.636296  
0  -0.904238  0.631373  
0  -0.90222  0.627146  
0  -0.900202  0.623346  
0  -0.898367  0.619851  
0  -0.896166  0.615063  
0  -0.893964  0.609962  
0  -0.89213  0.606305  
0  -0.890479  0.600021  
0  -0.888461  0.595706  
0  -0.886993  0.591972  
0  -0.884975  0.587689  
0  -0.882957  0.584029  
0  -0.881306  0.580447  
0  -0.878738  0.575194  
0  -0.877454  0.572847  
0  -0.875252  0.570877  
0  -0.873418  0.56719  
0  -0.871767  0.563615  
0  -0.868831  0.561496  
0  -0.867914  0.553336  
0  -0.866813  0.548344  
0  -0.864979  0.544446  
0  -0.863511  0.539285  
0  -0.862044  0.536623  
0  -0.859842  0.532545  
0  -0.857824  0.525938  
0  -0.856173  0.520955  
0  -0.855439  0.519522  
0  -0.854522  0.501818  
0  -0.853054  0.49882  
0  -0.851954  0.495083  
0  -0.850303  0.493656  
0  -0.848835  0.490126  
0  -0.846634  0.487181  
1  -0.844432  0.477324  
1  -0.842414  0.463769  
1  -0.84113  0.461589  
1  -0.839846  0.460395  
1  -0.838745  0.438693  
1  -0.837644  0.436609  
1  -0.836544  0.432537  
1  -0.834893  0.429633  
1  -0.833792  0.428062  
1  -0.831407  0.424968  
1  -0.830857  0.420414  
1  -0.828839  0.417521  
1  -0.828472  0.411474  
1  -0.827371  0.40757  
1  -0.826637  0.404037  
1  -0.825537  0.402228  
1  -0.823886  0.399517  
1  -0.822234  0.397149  
1  -0.820767  0.393906  
1  -0.819666  0.392014  
1  -0.818382  0.388774  
1  -0.816731  0.385274  
1  -0.815814  0.383507  
1  -0.815263  0.371644  
1  -0.814529  0.369115  
1  -0.813429  0.367138  
1  -0.812145  0.365097  
1  -0.810493  0.36327  
1  -0.808842  0.36108  
1  -0.807742  0.359057  
1  -0.806091  0.35661  
1  -0.805724  0.345959  
1  -0.80499  0.343777  
1  -0.803889  0.341351  
1  -0.802605  0.339421  
1  -0.800771  0.336465  
1  -0.79967  0.334536  
1  -0.798569  0.332838  
1  -0.796918  0.330739  
1  -0.795634  0.329263  
1  -0.794166  0.325817  
1  -0.793432  0.321885  
1  -0.792699  0.319838  
1  -0.791781  0.317553  
1  -0.790497  0.315728  
1  -0.78903  0.313288  
1  -0.788112  0.311803  
1  -0.786461  0.309937  
1  -0.785177  0.308035  
1  -0.783343  0.305715  
1  -0.782425  0.303901  
1  -0.780958  0.302019  
1  -0.779123  0.300157  
1  -0.778022  0.298643  
1  -0.776371  0.296647  
1  -0.774904  0.294619  
1  -0.773436  0.292867  
1  -0.772335  0.291562  
1  -0.770134  0.289812  
1  -0.767932  0.287203  
1  -0.767566  0.285811  
1  -0.765915  0.283355  
1  -0.764447  0.281712  
1  -0.763163  0.280006  
1  -0.761695  0.278133  
1  -0.760227  0.274853  
1  -0.759127  0.272619  
1  -0.75876  0.271725  
2  -0.75821  0.266329  
2  -0.755091  0.262293  
2  -0.752706  0.259176  
2  -0.749771  0.258149  
2  -0.747753  0.256059  
2  -0.744817  0.244768  
2  -0.742799  0.242567  
2  -0.741699  0.240939  
2  -0.741332  0.239394  
2  -0.73913  0.23584  
2  -0.735278  0.233955  
2  -0.734911  0.233333  
2  -0.731609  0.231646  
2  -0.730875  0.230392  
2  -0.729224  0.225321  
2  -0.728674  0.218805  
2  -0.727756  0.217193  
2  -0.725738  0.214541  
2  -0.725005  0.214146  
2  -0.722803  0.211902  
2  -0.721336  0.21074  
2  -0.718767  0.209582  
2  -0.717483  0.207743  
2  -0.716382  0.203691  
2  -0.714548  0.200212  
2  -0.713264  0.198964  
2  -0.711613  0.196183  
2  -0.710145  0.19448  
2  -0.709961  0.193752  
2  -0.70831  0.191983  
2  -0.707026  0.189274  
2  -0.705926  0.188448  
2  -0.70189  0.187004  
2  -0.701156  0.185767  
2  -0.699688  0.184069  
2  -0.699138  0.182062  
2  -0.69767  0.18081  
2  -0.696569  0.17933  
2  -0.695469  0.17753  
2  -0.694368  0.176604  
2  -0.693267  0.173797  
2  -0.691983  0.172363  
2  -0.691616  0.171478  
2  -0.686296  0.170051  
2  -0.685929  0.168931  
2  -0.684462  0.167357  
2  -0.683361  0.164686  
2  -0.68226  0.163708  
2  -0.681159  0.162414  
2  -0.680059  0.161277  
2  -0.677307  0.160494  
2  -0.675105  0.157887  
2  -0.673638  0.15731  
2  -0.669602  0.156311  
2  -0.6674  0.155019  
2  -0.664465  0.153499  
2  -0.663915  0.152064  
2  -0.66153  0.150808  
2  -0.659879  0.149269  
2  -0.65676  0.146509  
2  -0.652174  0.143169  
3  -0.648505  0.143085  
3  -0.647221  0.141419  
3  -0.644652  0.139909  
3  -0.641901  0.137222  
3  -0.640249  0.135634  
3  -0.637131  0.133489  
3  -0.637131  0.125723  
3  -0.63603  0.124353  
3  -0.633829  0.12324  
3  -0.631811  0.121937  
3  -0.629793  0.120403  
3  -0.627958  0.118619  
3  -0.627224  0.117375  
3  -0.625573  0.116332  
3  -0.624106  0.114155  
3  -0.621537  0.11249  
3  -0.620253  0.109276  
3  -0.617318  0.108031  
3  -0.6153  0.106642  
3  -0.613282  0.104949  
3  -0.610897  0.1037  
3  -0.609063  0.102289  
3  -0.608879  0.100551  
3  -0.606861  0.0990974  
3  -0.60466  0.0978854  
3  -0.602091  0.095994  
3  -0.600073  0.0947298  
3  -0.597872  0.0935317  
3  -0.594203  0.091898  
3  -0.591451  0.0908129  
3  -0.590901  0.0892467  
3  -0.587232  0.0877945  
3  -0.585397  0.086349  
3  -0.58448  0.084634  
3  -0.578609  0.0836787  
3  -0.578059  0.0815927  
3  -0.575124  0.0800704  
3  -0.573656  0.0790555  
3  -0.56962  0.0772079  
3  -0.567786  0.0757708  
3  -0.562649  0.0746342  
3  -0.561915  0.0730637  
3  -0.559347  0.0716527  
3  -0.556412  0.0699674  
3  -0.552009  0.0684825  
3  -0.54889  0.0672384  
3  -0.542469  0.0658326  
3  -0.537516  0.0645424  
3  -0.532563  0.0630033  
3  -0.526509  0.0615439  
3  -0.525041  0.0603403  
3  -0.518804  0.0585286  
3  -0.515318  0.0569233  
3  -0.510732  0.0555816  
3  -0.504861  0.0538723  
3  -0.496973  0.0524159  
3  -0.492937  0.0506548  
3  -0.489085  0.0489666  
3  -0.483214  0.0475264  
3  -0.474041  0.0457494  
3  -0.46707  0.0442392  
3  -0.459916  0.0424918  
3  -0.449642  0.0412078  
3  -0.438635  0.0392349  
3  -0.411851  0.0375683  
3  -0.398826  0.03581  
3  -0.367822  0.0339399  
3  -0.358466  0.0318621  
3  -0.352596  0.029716  
3  -0.352412  0.029636  
