0  -0.997432  0.994505  
0  -0.997248  0.994322  
0  -0.993946  0.989215  
0  -0.990644  0.982305  
0  -0.987158  0.967484  
0  -0.984223  0.966118  
0  -0.980921  0.96254  
0  -0.977619  0.945873  
0  -0.97395  0.942659  
0  -0.971565  0.931777  
0  -0.968813  0.924373  
0  -0.965694  0.918978  
0  -0.962576  0.918098  
0  -0.959824  0.896394  
0  -0.957439  0.888911  
0  -0.954687  0.884228  
0  -0.951385  0.878498  
0  -0.949551  0.859479  
0  -0.946432  0.853601  
0  -0.943864  0.848108  
0  -0.941295  0.843515  
0  -0.938727  0.831886  
0  -0.936342  0.827615  
0  -0.934507  0.785353  
0  -0.933774  0.769574  
0  -0.931939  0.767149  
0  -0.929554  0.761059  
0  -0.927353  0.755176  
0  -0.924418  0.749767  
0  -0.923317  0.735227  
0  -0.920565  0.728338  
0  -0.919464  0.695604  
0  -0.917079  0.690988  
0  -0.914511  0.686404  
0  -0.91231  0.681737  
0  -0.910292  0.677995  
0  -0.908641  0.660204  
0  -0.906806  0.656663  
0  -0.905705  0.653044  
0  -0.90332  0.649181  
0  -0.900936  0.644011  
0  -0.898734  0.638489  
0  -0.8969  0.635359  
0  -0.894515  0.630748  
0  -0.89268  0.627292  
0  -0.889745  0.621894  
0  -0.888644  0.61985  
0  -0.886076  0.615516  
0  -0.884241  0.611893  
0  -0.88204  0.607553  
0  -0.880205  0.605982  
0  -0.878921  0.575348  
0  -0.877454  0.572267  
0  -0.876353  0.57053  
0  -0.874518  0.567061  
0  -0.871767  0.565882  
0  -0.869932  0.56243  
0  -0.867547  0.541146  
0  -0.86663  0.5386  
0  -0.864795  0.535239  
0  -0.863328  0.534424  
0  -0.861126  0.531411  
0  -0.859292  0.528075  
0  -0.858008  0.522848  
0  -0.856173  0.519891  
0  -0.854339  0.516596  
0  -0.852137  0.513004  
0  -0.850486  0.511039  
0  -0.847367  0.507704  
0  -0.8459  0.506456  
0  -0.843882  0.504213  
1  -0.843515  0.48099  
1  -0.84168  0.47988  
1  -0.839846  0.471073  
1  -0.838929  0.469983  
1  -0.835993  0.467718  
1  -0.834342  0.466651  
1  -0.832324  0.461138  
1  -0.831774  0.460459  
1  -0.830673  0.454409  
1  -0.829939  0.408292  
1  -0.828655  0.405581  
1  -0.824619  0.402886  
1  -0.823519  0.394481  
1  -0.822234  0.391904  
1  -0.822051  0.374338  
1  -0.8204  0.370586  
1  -0.819666  0.369626  
1  -0.818198  0.366894  
1  -0.817098  0.365561  
1  -0.81508  0.362931  
1  -0.813979  0.36138  
1  -0.811411  0.358936  
1  -0.810677  0.355962  
1  -0.809393  0.3535  
1  -0.807191  0.342079  
1  -0.805357  0.341298  
1  -0.80444  0.337222  
1  -0.803339  0.335532  
1  -0.801504  0.333869  
1  -0.80022  0.332189  
1  -0.798936  0.331262  
1  -0.796735  0.329112  
1  -0.795267  0.32748  
1  -0.79435  0.323763  
1  -0.793249  0.322467  
1  -0.791048  0.320842  
1  -0.78958  0.319313  
1  -0.787929  0.307357  
1  -0.786828  0.303359  
1  -0.784627  0.301354  
1  -0.783159  0.299128  
1  -0.781691  0.29761  
1  -0.780407  0.295596  
1  -0.77949  0.292337  
1  -0.778206  0.290773  
1  -0.776555  0.288742  
1  -0.776004  0.286739  
1  -0.775087  0.283073  
1  -0.774353  0.281672  
1  -0.773069  0.279412  
1  -0.771051  0.277181  
1  -0.769584  0.27575  
1  -0.767749  0.273781  
1  -0.767015  0.272173  
1  -0.765731  0.270156  
1  -0.76353  0.268035  
1  -0.762796  0.267155  
1  -0.761145  0.265637  
1  -0.75931  0.264031  
2  -0.758943  0.258405  
2  -0.757843  0.251307  
2  -0.757476  0.249582  
2  -0.754907  0.247311  
2  -0.752156  0.24183  
2  -0.74867  0.240219  
2  -0.74812  0.236337  
2  -0.747569  0.234676  
2  -0.746102  0.23365  
2  -0.74335  0.231821  
2  -0.742249  0.229963  
2  -0.741882  0.227878  
2  -0.740782  0.226429  
2  -0.739497  0.2261  
2  -0.73803  0.224133  
2  -0.735278  0.220026  
2  -0.733627  0.2184  
2  -0.73271  0.21773  
2  -0.732343  0.208912  
2  -0.731242  0.207754  
2  -0.729041  0.206098  
2  -0.727573  0.204455  
2  -0.725555  0.20327  
2  -0.724454  0.201773  
2  -0.72372  0.189621  
2  -0.722069  0.187816  
2  -0.720969  0.186195  
2  -0.719134  0.184935  
2  -0.71785  0.183557  
2  -0.716933  0.181953  
2  -0.716199  0.179136  
2  -0.715282  0.178325  
2  -0.714181  0.17709  
2  -0.71253  0.175178  
2  -0.710512  0.173142  
2  -0.709228  0.171885  
2  -0.707943  0.170358  
2  -0.706659  0.16807  
2  -0.705008  0.166467  
2  -0.700789  0.165331  
2  -0.700422  0.163614  
2  -0.699688  0.162664  
2  -0.696936  0.161143  
2  -0.695469  0.158979  
2  -0.694551  0.15812  
2  -0.690882  0.156729  
2  -0.690149  0.154861  
2  -0.688864  0.153653  
2  -0.685746  0.153011  
2  -0.685746  0.152005  
2  -0.684095  0.15048  
2  -0.679508  0.148702  
2  -0.678408  0.147873  
2  -0.673638  0.147489  
2  -0.671436  0.145398  
2  -0.671253  0.143822  
2  -0.668868  0.143108  
2  -0.668134  0.141391  
2  -0.666483  0.140392  
2  -0.662998  0.138527  
2  -0.662447  0.137151  
2  -0.66153  0.136328  
3  -0.658044  0.134703  
3  -0.656577  0.133601  
3  -0.654008  0.132  
3  -0.653091  0.130646  
3  -0.651807  0.128641  
3  -0.649789  0.127193  
3  -0.648688  0.126269  
3  -0.643368  0.124906  
3  -0.643185  0.12113  
3  -0.641534  0.120239  
3  -0.638965  0.118768  
3  -0.636214  0.117291  
3  -0.634562  0.116287  
3  -0.630893  0.114474  
3  -0.629426  0.113331  
3  -0.62594  0.112298  
3  -0.623739  0.110571  
3  -0.622088  0.109632  
3  -0.618602  0.107699  
3  -0.615116  0.106366  
3  -0.614016  0.105663  
3  -0.610897  0.104335  
3  -0.607778  0.102658  
3  -0.605394  0.100894  
3  -0.602825  0.0998756  
3  -0.60044  0.0983716  
3  -0.596588  0.097237  
3  -0.593653  0.0961154  
3  -0.590167  0.0942647  
3  -0.587782  0.0932174  
3  -0.58448  0.0918271  
3  -0.580077  0.0904543  
3  -0.577142  0.0889136  
3  -0.57384  0.0879054  
3  -0.569437  0.0863854  
3  -0.567052  0.085665  
3  -0.562099  0.0840018  
3  -0.557696  0.0824979  
3  -0.554944  0.0814783  
3  -0.54889  0.0798122  
3  -0.547239  0.0784906  
3  -0.542653  0.0766971  
3  -0.540635  0.0758021  
3  -0.533847  0.0736457  
3  -0.529811  0.0723315  
3  -0.524674  0.0711716  
3  -0.519905  0.0700426  
3  -0.513851  0.068606  
3  -0.509264  0.0668328  
3  -0.50211  0.0656016  
3  -0.498257  0.0641438  
3  -0.492937  0.0619421  
3  -0.488167  0.0607274  
3  -0.484315  0.059995  
3  -0.47716  0.0572175  
3  -0.472941  0.0562075  
3  -0.466703  0.0538372  
3  -0.463401  0.0526235  
3  -0.45588  0.0510089  
3  -0.445056  0.0491694  
3  -0.441387  0.0472377  
3  -0.436434  0.0453959  
3  -0.429462  0.0437387  
3  -0.421391  0.0421884  
3  -0.41497  0.0400982  
3  -0.403596  0.0383848  
3  -0.390204  0.0364903  
3  -0.375344  0.0344149  
3  -0.365988  0.0325478  
3  -0.357549  0.0304285  
3  -0.347276  0.0284704  
3  -0.328564  0.0260394  
3  -0.326546  0.0238666  
3  -0.325995  0.0236451  
